SealRangeBelowId|StateWellId|TopDepth|BottomDepth|SealMaterialId|SealMaterialOtherDesc|Amount|SealAmountUnitId|SealAmountUnitOtherDesc|CreatedDate|LastUpdateDate
1|139068|0|20|10||18|10||2016-08-29|2016-08-29
2|139068|200|220|11||4|10||2016-08-29|2016-08-29
3|139070|0|150|2||12|10||2016-08-29|2016-08-29
4|139071|0|15|2||6|2||2016-08-29|2016-08-29
5|139072|0|150|10||16|10||2016-08-29|2016-08-29
6|139073|0|10|10||2|10||2016-08-29|2016-08-29
7|139075|0|10|2||4|2||2016-08-30|2016-08-30
8|139075|200|220|2||2|2||2016-08-30|2016-08-30
9|139079|0|60|10||80|10||2016-09-06|2016-09-06
11|139079|0|643|1|CI A 6% gel||2||2016-09-06|2016-09-06
12|139080|0|60|10||78|10||2016-09-06|2016-09-06
13|139080|0|655|1|826Cl A 6% gel||2||2016-09-06|2016-09-06
18|47972|0|1066|10||200|10||2016-09-06|2016-09-06
21|21972|0|3078|10|||2||2016-09-07|2016-09-07
22|47207|0|1215|10|||2||2016-09-07|2016-09-07
23|46578|||10||150|10||2016-09-07|2016-09-07
24|47948|0|465|10||285|10||2016-09-07|2016-09-07
27|139083|0|84|10||180|10||2016-09-13|2016-09-13
28|139083|0|646|10||815|10||2016-09-13|2016-09-13
30|21975|0|3070|10||1380|10||2016-09-13|2016-09-13
33|139095|0|10|10||95|10||2016-09-15|2016-09-15
34|9411|0|160|10||220|10||2016-09-16|2016-09-16
35|10108|0|20|10||40|10||2016-09-16|2016-09-16
36|10121|0|275|10||380|10||2016-09-16|2016-09-16
37|10394|-1|10|10|||2||2016-09-16|2016-09-16
41|10407|-1|0|10|||2||2016-09-16|2016-09-16
42|10407|0|10|11|||2||2016-09-16|2016-09-16
43|10416|-1|11|2||2.5|12||2016-09-16|2016-09-16
44|10991|-1|0|10|||2||2016-09-16|2016-09-16
45|10991|0|10|11|||2||2016-09-16|2016-09-16
46|11159|0|110|2||5|1|cubic yards|2016-09-16|2016-09-16
47|14453|0|200|10||155|10||2016-09-16|2016-09-16
48|15346|0|136|2||238|2||2016-09-16|2016-09-16
49|15347|0|140|2||244|2||2016-09-16|2016-09-16
50|15704|0|10|2||8|2||2016-09-16|2016-09-16
51|15778|0|15|10||40|10||2016-09-16|2016-09-16
52|15789|0|20|10||40|10||2016-09-16|2016-09-16
53|15816|0|25|10||15|10||2016-09-16|2016-09-16
54|15816|25|50|11||25|10||2016-09-16|2016-09-16
57|139084|0|336|10||16|10||2016-09-16|2016-09-16
58|139084|0|15|10||8|10||2016-09-16|2016-09-16
59|139096|0|10|10||6|10||2016-09-16|2016-09-16
60|139096|50|200|10||10|10||2016-09-16|2016-09-16
61|15851|0|10|2||20|2||2016-09-19|2016-09-19
62|15853|0|10|2||15|2||2016-09-19|2016-09-19
63|15890|0|12|2||24|2||2016-09-19|2016-09-19
64|15909|0|10|2||48|2||2016-09-19|2016-09-19
65|15986|0|12|10||29|10||2016-09-19|2016-09-19
66|16128|3|23|2||14|2||2016-09-19|2016-09-19
67|16450|0|10|10||15|10||2016-09-19|2016-09-19
68|16697|0|10|2||15|2||2016-09-19|2016-09-19
69|16715|0|10|2|||2||2016-09-19|2016-09-19
70|16729|0|21|2||16|2||2016-09-19|2016-09-19
71|16756|2|223|10||5|10||2016-09-19|2016-09-19
72|16775|2|22|10||5|10||2016-09-19|2016-09-19
73|16844|0|11|12||12|10||2016-09-19|2016-09-19
74|17603|0|12|12||37|10||2016-09-19|2016-09-19
75|18784|0|10|2||6|2||2016-09-19|2016-09-19
76|20332|0|26|2||2.5|12||2016-09-19|2016-09-19
77|20333|10|19|2||1.5|12||2016-09-19|2016-09-19
78|20334|10|18|2||1.5|12||2016-09-19|2016-09-19
79|20335|10|19|2||1.5|12||2016-09-19|2016-09-19
80|21630|0|735|2|||2||2016-09-19|2016-09-19
81|21651|0|660|10||315|10||2016-09-20|2016-09-20
82|22607|0|45|2||16|2||2016-09-20|2016-09-20
83|22608|0|42|2||45|2||2016-09-20|2016-09-20
84|22645|0|1080|2||525|2||2016-09-20|2016-09-20
85|22690|0|1400|2||1500|2||2016-09-20|2016-09-20
86|22896|0|1168|2||775|2||2016-09-20|2016-09-20
87|22922|0|1250|10||650|10||2016-09-20|2016-09-20
88|22947|0|1634|10||425|10||2016-09-20|2016-09-20
89|22963|0|1310|2|||2||2016-09-20|2016-09-20
90|22978|0|1310|10||100|10||2016-09-20|2016-09-20
91|23002|0|1000|2||280|2||2016-09-20|2016-09-20
92|23004|0|30|2||55|2||2016-09-20|2016-09-20
93|23004|0|2336|2||850|2||2016-09-20|2016-09-20
94|23019|0|22|2||25|2||2016-09-20|2016-09-20
95|23019|0|1990|2||800|2||2016-09-20|2016-09-20
96|23042|0|1492|2||530|2||2016-09-20|2016-09-20
97|23043|0|30|2||10|2||2016-09-20|2016-09-20
98|23043|0|1480|2||430|2||2016-09-20|2016-09-20
99|23074|1|10|2||25|2||2016-09-20|2016-09-20
100|23084|0|30|10||55|10||2016-09-20|2016-09-20
101|23084|0|1358|10||350|10||2016-09-20|2016-09-20
102|23087|0|1420|2|||2||2016-09-20|2016-09-20
103|23087|1612|1630|10||41|10||2016-09-20|2016-09-20
104|23118|0|978|2||450|2||2016-09-21|2016-09-21
105|23118|1091|1538|2||141|2||2016-09-21|2016-09-21
106|23119|0|2550|2||635|2||2016-09-21|2016-09-21
107|23124|0|1217|10||625|10||2016-09-21|2016-09-21
108|23126|0|2144|10||800|10||2016-09-21|2016-09-21
109|23154|0|1924|10||930|10||2016-09-21|2016-09-21
110|23155|0|1595|10||375|10||2016-09-21|2016-09-21
111|23158|0|1852|10||810|10||2016-09-21|2016-09-21
112|58133|0|230|10|||2||2016-09-21|2016-09-21
113|58134|0|220|10|||2||2016-09-21|2016-09-21
114|121155|0|550|10||1060|10||2016-09-21|2016-09-21
115|139100|1|47|2||15|10||2016-09-22|2016-09-22
116|139104|0|360|10||528|10||2016-09-26|2016-09-26
117|139104|360|365|11||13|10||2016-09-26|2016-09-26
118|23982|0|15|2||10|2||2016-09-26|2016-09-26
119|139110|1|100|2||15|2||2016-09-26|2016-09-26
120|139102|3|20|11||8|10||2016-09-26|2016-09-26
121|139112|0|60|10||15|10||2016-09-28|2016-09-28
122|139112|75|97|11||10|10||2016-09-28|2016-09-28
123|139113|0|409|10||47|10||2016-09-28|2016-09-28
124|139114|0|50|10||10|10||2016-09-28|2016-09-28
125|139114|50|97|11||9|10||2016-09-28|2016-09-28
126|23202|0|968|2||275|2||2016-10-04|2016-10-04
127|23203|0|1085|10||655|10||2016-10-04|2016-10-04
128|23204|0|1190|2|||2||2016-10-04|2016-10-04
129|23216|0|950|10||60|10||2016-10-04|2016-10-04
130|23217|0|894|2||260|2||2016-10-04|2016-10-04
131|23221|0|714|10||285|10||2016-10-04|2016-10-04
132|23221|0|714|11||3|2||2016-10-04|2016-10-04
133|23287|0|1672|10||800|10||2016-10-04|2016-10-04
134|23319|0|25|2||10|2||2016-10-04|2016-10-04
135|23346|0|55|10||65|10||2016-10-04|2016-10-04
136|23346|0|2189|1|Cl A+6%gel|2658|2||2016-10-04|2016-10-04
137|23508|0|360|10||175|10||2016-10-04|2016-10-04
138|23508|485|520|10||15|10||2016-10-04|2016-10-04
139|54|0|20|10||5|10||2016-10-04|2016-10-04
140|54|20|500|11|||2||2016-10-04|2016-10-04
141|115|0|20|10||5|10||2016-10-04|2016-10-04
142|115|20|300|11|||14||2016-10-04|2016-10-04
143|125|0|30|10||5|10||2016-10-04|2016-10-04
144|125|30|260|11||260|14||2016-10-04|2016-10-04
145|125|400|410|11||8|14||2016-10-04|2016-10-04
146|138|0|30|10||5|10||2016-10-04|2016-10-04
147|138|30|260|11||58|2||2016-10-04|2016-10-04
148|138|385|395|11||6|2||2016-10-04|2016-10-04
149|139|0|20|10||5|10||2016-10-04|2016-10-04
150|139|20|140|11||140|2||2016-10-04|2016-10-04
151|151|0|25|10||5|10||2016-10-04|2016-10-04
152|151|25|80|11|||14||2016-10-04|2016-10-04
153|151|240|560|1|Gravel||2||2016-10-04|2016-10-04
154|170|0|30|10||4|10||2016-10-04|2016-10-04
155|170|30|160|11||40|2||2016-10-04|2016-10-04
156|170|200|210|11||8|2||2016-10-04|2016-10-04
157|194|0|25|10||5|10||2016-10-04|2016-10-04
158|194|25|280|11|||2||2016-10-04|2016-10-04
159|203|0|25|10||5|10||2016-10-04|2016-10-04
160|203|25|300|11|||2||2016-10-04|2016-10-04
161|238|0|25|10||5|10||2016-10-04|2016-10-04
162|238|25|400|11|||2||2016-10-04|2016-10-04
164|295|0|20|10||5|10||2016-10-04|2016-10-04
165|295|20|280|11|||2||2016-10-04|2016-10-04
166|311|0|20|10||5|10||2016-10-04|2016-10-04
167|311|20|280|11|||2||2016-10-04|2016-10-04
168|350|0|30|10||6|10||2016-10-04|2016-10-04
169|350|30|260|11||23|2||2016-10-04|2016-10-04
170|512|0|20|10||5|10||2016-10-04|2016-10-04
171|512|20|280|11|||2||2016-10-04|2016-10-04
172|616|0|20|10||6|10||2016-10-04|2016-10-04
173|616|20|300|11||28|2||2016-10-04|2016-10-04
174|631|0|375|10||450|10||2016-10-04|2016-10-04
175|632|0|20|10||3|10||2016-10-04|2016-10-04
176|632|20|360|11||62|2||2016-10-04|2016-10-04
177|635|0|350|14||450|10||2016-10-04|2016-10-04
178|635|350|351|11||5|2||2016-10-04|2016-10-04
179|652|0|50|10|||10||2016-10-04|2016-10-04
180|652|50|360|10||479|10||2016-10-04|2016-10-04
181|652|360|370|11|||2||2016-10-04|2016-10-04
182|669|0|30|10||5|10||2016-10-04|2016-10-04
183|669|30|360|11||33|2||2016-10-04|2016-10-04
184|738|0|25|10||5|10||2016-10-04|2016-10-04
185|738|25|320|11|||14||2016-10-04|2016-10-04
186|831|0|30|10||7|10||2016-10-04|2016-10-04
187|831|30|240|11||21|2||2016-10-04|2016-10-04
188|906|0|30|10||10|10||2016-10-04|2016-10-04
189|906|30|160|11||40|2||2016-10-04|2016-10-04
190|919|0|20|10||5|10||2016-10-04|2016-10-04
191|919|20|280|11||26|2||2016-10-04|2016-10-04
192|958|0|30|10||7|10||2016-10-04|2016-10-04
193|958|30|260|11||23|2||2016-10-04|2016-10-04
194|1199|0|20|10||5|10||2016-10-04|2016-10-04
195|1455|0|20|10||5|10||2016-10-04|2016-10-04
196|1455|20|280|11|||14||2016-10-04|2016-10-04
198|1484|0|20|10||5|10||2016-10-04|2016-10-04
199|1487|0|20|10||5|10||2016-10-04|2016-10-04
200|1755|0|20|10||4|10||2016-10-04|2016-10-04
201|1758|0|20|10||5|10||2016-10-04|2016-10-04
202|1758|20|155|11|||14||2016-10-04|2016-10-04
203|1783|0|30|10||6|10||2016-10-04|2016-10-04
204|1783|30|300|11||27|2||2016-10-04|2016-10-04
205|1825|0|20|10||5|10||2016-10-04|2016-10-04
206|1825|20|240|11||75|14||2016-10-04|2016-10-04
207|1866|0|30|10||5|10||2016-10-04|2016-10-04
208|1866|30|180|11||24|14||2016-10-04|2016-10-04
209|1914|0|30|10||7|10||2016-10-04|2016-10-04
210|1914|30|240|11||10|14||2016-10-04|2016-10-04
211|1919|0|20|10||5|10||2016-10-04|2016-10-04
212|1956|0|30|10||7|10||2016-10-04|2016-10-04
213|1956|30|320|11||25|14||2016-10-04|2016-10-04
214|1968|0|15|10||15|10||2016-10-04|2016-10-04
215|1976|0|28|10||4|10||2016-10-04|2016-10-04
216|2012|0|175|10|||10||2016-10-04|2016-10-04
217|2012|0|175|11|||14||2016-10-04|2016-10-04
218|2195|1|20|10||7|10||2016-10-04|2016-10-04
219|2263|2|20|10||5|10||2016-10-04|2016-10-04
220|2271|0|28|10||5|10||2016-10-04|2016-10-04
221|2308|460|710|10||273|10||2016-10-04|2016-10-04
222|2309|0|410|10||310|10||2016-10-04|2016-10-04
223|2479|0|20|10||4|10||2016-10-04|2016-10-04
224|2516|1|25|10||10|10||2016-10-04|2016-10-04
225|2526|0|20|10||2|10||2016-10-04|2016-10-04
226|2575|1|25|10||4|10||2016-10-04|2016-10-04
227|2607|0|25|10||7|10||2016-10-04|2016-10-04
228|2817|-1|400|10|||10||2016-10-04|2016-10-04
229|2817|400|420|11|||14||2016-10-04|2016-10-04
230|2906|0|25|10||8|10||2016-10-04|2016-10-04
231|3033|1|20|10||4|10||2016-10-04|2016-10-04
232|3111|0|16|10||5|10||2016-10-04|2016-10-04
233|3111|0|17|1|Hole Plug||2||2016-10-04|2016-10-04
234|3340|0|17|10||5|10||2016-10-04|2016-10-04
235|3458|1|20|10||4|10||2016-10-04|2016-10-04
236|3475|0|20|10||40|10||2016-10-04|2016-10-04
237|3484|3|23|10||16|10||2016-10-04|2016-10-04
238|3866|0|10|1|Sacrete|23|10||2016-10-04|2016-10-04
239|3998|0|20|10||5|10||2016-10-04|2016-10-04
240|4300|0|10|10||16|10||2016-10-04|2016-10-04
241|4368|0|10|10||37|10||2016-10-04|2016-10-04
242|4503|0|20|10||6|10||2016-10-04|2016-10-04
243|4525|0|340|10||450|10||2016-10-04|2016-10-04
244|4525|340|350|11|||2||2016-10-04|2016-10-04
245|4704|0|20|10||5|10||2016-10-04|2016-10-04
246|4704|20|265|11|||14||2016-10-04|2016-10-04
247|4957|0|433|10||560|10||2016-10-04|2016-10-04
248|4957|433|443|11||35|14||2016-10-04|2016-10-04
249|4995|2|29|10||6|10||2016-10-04|2016-10-04
250|5034|3|23|1|sacrete|13|10||2016-10-04|2016-10-04
251|5210|0|50|10||12|10||2016-10-04|2016-10-04
252|5210|50|60|11||10|14||2016-10-04|2016-10-04
253|5210|60|209|1|#1 fine||2||2016-10-04|2016-10-04
254|5211|0|20|10||40|10||2016-10-04|2016-10-04
255|5211|0|195|10||300|10||2016-10-04|2016-10-04
256|5211|195|205|11||27|10||2016-10-04|2016-10-04
257|5212|0|20|10||40|10||2016-10-04|2016-10-04
258|5212|0|274|10||450|10||2016-10-04|2016-10-04
259|5212|274|284|11||27|10||2016-10-04|2016-10-04
260|5213|0|20|10||40|10||2016-10-04|2016-10-04
261|5213|0|227|10||400|10||2016-10-04|2016-10-04
262|5213|227|237|11||27|10||2016-10-04|2016-10-04
263|5218|0|50|10||12|10||2016-10-04|2016-10-04
264|5218|50|60|11||10|2||2016-10-04|2016-10-04
265|5218|60|255|1|Gardn Cty gravl||2||2016-10-04|2016-10-04
266|5219|0|270|10||440|10||2016-10-04|2016-10-04
267|5219|270|280|11||34|10||2016-10-04|2016-10-04
268|5220|0|290|10||342|10||2016-10-04|2016-10-04
269|5220|290|300|11||34|10||2016-10-04|2016-10-04
270|5221|0|20|10||40|10||2016-10-04|2016-10-04
271|5221|0|304|10||450|10||2016-10-04|2016-10-04
272|5221|304|314|11||27|10||2016-10-04|2016-10-04
273|5222|0|20|10||40|10||2016-10-04|2016-10-04
274|5222|0|318|10||450|10||2016-10-04|2016-10-04
275|5222|318|328|11||27|10||2016-10-04|2016-10-04
276|5226|0|50|10||12|10||2016-10-04|2016-10-04
277|5226|50|60|11||10|10||2016-10-04|2016-10-04
278|5226|305|315|11||10|10||2016-10-04|2016-10-04
279|5227|0|50|10||12|10||2016-10-04|2016-10-04
280|5227|50|60|11||10|10||2016-10-04|2016-10-04
281|5227|389|399|11||10|10||2016-10-04|2016-10-04
282|5228|0|50|10||12|10||2016-10-05|2016-10-05
283|5228|50|60|11||10|10||2016-10-05|2016-10-05
284|5228|494|504|11||10|10||2016-10-05|2016-10-05
285|5229|0|315|10||540|10||2016-10-05|2016-10-05
286|5229|315|325|11||34|10||2016-10-05|2016-10-05
287|5230|0|400|10||472|10||2016-10-05|2016-10-05
288|5230|400|410|11||34|10||2016-10-05|2016-10-05
289|5231|0|315|10||450|10||2016-10-05|2016-10-05
290|5231|315|325|11||27|10||2016-10-05|2016-10-05
291|5232|0|318|10||450|10||2016-10-05|2016-10-05
292|5232|318|328|11||27|10||2016-10-05|2016-10-05
293|5233|0|316|10||450|10||2016-10-05|2016-10-05
294|5233|316|326|11||32|10||2016-10-05|2016-10-05
295|5234|0|40|10||40|10||2016-10-05|2016-10-05
296|5234|0|253|10||430|10||2016-10-05|2016-10-05
297|5234|253|263|11||27|10||2016-10-05|2016-10-05
298|5238|0|20|10||40|10||2016-10-05|2016-10-05
299|5238|0|272|10||450|10||2016-10-05|2016-10-05
300|5238|272|282|11||27|10||2016-10-05|2016-10-05
301|5239|0|388|10||132|10||2016-10-05|2016-10-05
302|5239|388|398|11||27|10||2016-10-05|2016-10-05
303|5240|0|370|10||493|10||2016-10-05|2016-10-05
304|5240|370|380|11||27|10||2016-10-05|2016-10-05
305|5241|0|360|10||560|10||2016-10-05|2016-10-05
306|5241|360|370|11||27|10||2016-10-05|2016-10-05
307|5251|0|50|10||12|10||2016-10-05|2016-10-05
308|5251|50|60|11||10|10||2016-10-05|2016-10-05
309|5251|60|378|1|#1 fine gravel||2||2016-10-05|2016-10-05
310|5252|0|20|10||40|10||2016-10-05|2016-10-05
311|5252|0|347|10||530|10||2016-10-05|2016-10-05
312|5252|347|357|11||27|10||2016-10-05|2016-10-05
313|5253|19|290|10||450|10||2016-10-05|2016-10-05
314|5253|290|303|11||33|10||2016-10-05|2016-10-05
315|5279|0|20|10||40|10||2016-10-05|2016-10-05
316|5302|-1|15|10|||2||2016-10-05|2016-10-05
317|5340|0|430|10||860|10||2016-10-05|2016-10-05
318|5341|0|400|10||850|10||2016-10-05|2016-10-05
319|5342|0|468|10||699|10||2016-10-05|2016-10-05
320|5342|468|478|11||10|10||2016-10-05|2016-10-05
321|5651|0|20|10||4|10||2016-10-05|2016-10-05
322|5669|0|20|10||40|10||2016-10-05|2016-10-05
323|5669|0|393|10||600|10||2016-10-05|2016-10-05
324|5669|393|403|11||27|10||2016-10-05|2016-10-05
325|5715|0|275|10||360|10||2016-10-05|2016-10-05
326|5715|0|490|10||740|10||2016-10-05|2016-10-05
327|5715|490|500|11||25|10||2016-10-05|2016-10-05
328|5734|0|20|10||40|10||2016-10-05|2016-10-05
329|5893|0|455|2|||2||2016-10-05|2016-10-05
330|6125|0|15|10||40|10||2016-10-05|2016-10-05
331|6186|0|228|10||300|10||2016-10-05|2016-10-05
332|6186|228|235|11||10|10||2016-10-05|2016-10-05
333|6567|-1|15|10|||2||2016-10-05|2016-10-05
334|6713|0|373|2||370|2||2016-10-05|2016-10-05
335|6973|0|10|2||12|2||2016-10-05|2016-10-05
336|7043|0|15|10||3|10||2016-10-05|2016-10-05
337|7050|0|20|10||6|10||2016-10-05|2016-10-05
338|7050|20|245|11||23|10||2016-10-05|2016-10-05
339|7102|0|760|2||150|2||2016-10-05|2016-10-05
340|7110|0|20|2||5|2||2016-10-05|2016-10-05
341|7228|0|20|2||5|2||2016-10-05|2016-10-05
342|7248|0|20|2||5|2||2016-10-05|2016-10-05
343|7248|20|330|11|||14||2016-10-05|2016-10-05
344|8314|0|227|10||300|10||2016-10-05|2016-10-05
345|8314|222|227|11||10|10||2016-10-05|2016-10-05
346|8563|0|500|10||15|12||2016-10-05|2016-10-05
347|8564|0|515|10||15.5|12||2016-10-05|2016-10-05
348|8565|0|535|10||16|12||2016-10-05|2016-10-05
349|8594|0|460|10||14|12||2016-10-05|2016-10-05
350|8595|0|440|10||13|12||2016-10-05|2016-10-05
351|8596|0|441|10||13|12||2016-10-05|2016-10-05
352|8600|0|15|10||3|10||2016-10-05|2016-10-05
353|139131|0|15|10||30|10||2016-10-05|2016-10-05
354|139132|0|10|2||10|2||2016-10-05|2016-10-05
355|139136|0|10|10||22|10||2016-10-05|2016-10-05
356|139137|0|10|10||20|10||2016-10-05|2016-10-05
358|58699|0|260|10||85|10||2016-10-06|2016-10-06
359|57221|0|267|10||90|10||2016-10-06|2016-10-06
360|57221|380|540|10||16|10||2016-10-06|2016-10-06
361|139140|0|12|1|Sacrete|28|10||2016-10-06|2016-10-06
362|139141|0|11|12||27|10||2016-10-06|2016-10-06
363|57224|0|740|10|||2||2016-10-06|2016-10-06
364|57746|0|520|10|||2||2016-10-06|2016-10-06
365|57748|0|205|10||13|10||2016-10-06|2016-10-06
366|59498|0|1080|10||315|10||2016-10-06|2016-10-06
367|139150|0|10|10||21|10||2016-10-07|2016-10-07
368|139151|0|204|10||35|10||2016-10-20|2016-10-20
369|139154|0|10|10||7|10||2016-11-02|2016-11-02
371|139154|190|380|10||19|10||2016-11-02|2016-11-02
372|139155|0|10|10||1|10||2016-11-03|2016-11-03
373|139155|10|25|11||3|10||2016-11-03|2016-11-03
374|139156|0|15|1|Sacrete|13|10||2016-11-08|2016-11-08
375|139156|15|400|1|Benseal|33|10||2016-11-08|2016-11-08
378|23057|0|1525|10|||2||2016-11-21|2016-11-21
380|21724|0|50|10|||2||2016-11-21|2016-11-21
381|23282|0|2839|10||1375|10||2016-11-22|2016-11-22
382|24075|175|250|10||5|10||2016-11-22|2016-11-22
383|21929|0|1574|10||750|10||2016-11-22|2016-11-22
384|23045|0|1148|10|||2||2016-11-22|2016-11-22
385|22793|0|165|10|||2||2016-11-22|2016-11-22
386|22659|0|1330|10|||2||2016-11-22|2016-11-22
387|22959|0|216|10||35|10||2016-11-22|2016-11-22
388|22959|90|923|10||140|10||2016-11-22|2016-11-22
390|23030|0|1427|10||375|10||2016-11-22|2016-11-22
391|22901|0|1300|10|||2||2016-11-22|2016-11-22
393|22611|0|350|10|||2||2016-11-22|2016-11-22
394|23754|0|301|10|||2||2016-11-22|2016-11-22
395|24107|0|700|10||700|2||2016-11-22|2016-11-22
396|23962|0|890|10|||2||2016-11-22|2016-11-22
397|23900|||10|||2||2016-11-22|2016-11-22
398|23917|||10|||2||2016-11-22|2016-11-22
399|24206|0|672|10|||2||2016-11-22|2016-11-22
400|46637|0|1490|10||485|10||2016-11-23|2016-11-23
401|139165|0|245|10||74|10||2016-11-28|2016-11-28
402|51261|0|805|10|||2||2016-11-30|2016-11-30
403|51195|0|462|10|||2||2016-11-30|2016-11-30
404|51188|0|630|10|||2||2016-11-30|2016-11-30
405|21978|||10|||2||2016-12-01|2016-12-01
406|23173|0|2380|10|||2||2016-12-01|2016-12-01
407|139167|-1|50|10||6|10||2016-12-07|2016-12-07
408|139168|0|700|10||122|10||2016-12-08|2016-12-08
409|139168|0|700|14||32|10||2016-12-08|2016-12-08
410|139168|0|700|1|Hole Plug|64|10||2016-12-08|2016-12-08
411|139169|0|20|10||3|10||2016-12-08|2016-12-08
412|139169|20|105|11||11|10||2016-12-08|2016-12-08
413|139169|105|125|11||4|10||2016-12-08|2016-12-08
414|139170|0|100|10||32|10||2016-12-09|2016-12-09
415|139170|100|350|11||25|10||2016-12-09|2016-12-09
416|139170|350|670|10|Class H|81|10||2016-12-09|2016-12-09
417|139171|0|90|10||30|10||2016-12-09|2016-12-09
419|139171|100|120|11||1|10||2016-12-09|2016-12-09
420|139171|100|120|10||9|10||2016-12-09|2016-12-09
421|139171|180|190|11||3|10||2016-12-09|2016-12-09
422|139171|180|190|10||12|10||2016-12-09|2016-12-09
423|139172|0|20|10||2.5|10||2016-12-09|2016-12-09
424|139172|20|205|11||17|10||2016-12-09|2016-12-09
425|139172|205|225|10||2.5|10||2016-12-09|2016-12-09
427|139173|0|40|10||15|10||2016-12-12|2016-12-12
428|139173|40|100|11||56|10||2016-12-12|2016-12-12
429|139173|100|230|10||20|10||2016-12-12|2016-12-12
430|139173|230|240|11||4|10||2016-12-12|2016-12-12
431|139174|0|20|10||2.5|10||2016-12-12|2016-12-12
432|139174|20|199|11||16|10||2016-12-12|2016-12-12
433|139174|199|219|10||2.5|10||2016-12-12|2016-12-12
437|139175|0|20|10||2.5|10||2016-12-13|2016-12-13
439|139175|20|208|11||16|10||2016-12-13|2016-12-13
440|139175|208|228|10||2.5|10||2016-12-13|2016-12-13
442|29692|0|10|10||13|10||2016-12-20|2016-12-20
443|38832|0|5|10|||2||2016-12-20|2016-12-20
444|27918|0|11|10||3.5|10||2016-12-20|2016-12-20
445|50610|0|116|10|||2||2016-12-21|2016-12-21
446|22170|0|438|10|||2||2016-12-21|2016-12-21
447|49882|0|10|10||6|10||2016-12-21|2016-12-21
448|49884|0|10|10||6|10||2016-12-21|2016-12-21
449|49887|0|10|10||6|10||2016-12-21|2016-12-21
450|138396|0|4|10||2|10||2016-12-22|2016-12-22
451|138396|4|15|11||2|10||2016-12-22|2016-12-22
452|135788|0|383|10|||2||2016-12-22|2016-12-22
453|135842|0|540|10||30|10||2016-12-22|2016-12-22
454|135842|0|15|10||4|10||2016-12-22|2016-12-22
455|136542|||10||175|10||2016-12-22|2016-12-22
456|134056|0|1134|10|||2||2016-12-28|2016-12-28
457|134150|0|724|10|||2||2016-12-28|2016-12-28
458|134154|||10||85|10||2016-12-28|2016-12-28
459|134177|0|861|10|||2||2016-12-28|2016-12-28
460|135147|||10||50|10||2016-12-28|2016-12-28
461|135702|0|494|10|||2||2016-12-28|2016-12-28
462|134345|0|720|10||55|10||2017-01-03|2017-01-03
463|138175|0|10|10||2|10||2017-01-03|2017-01-03
465|139179|0|1514|10|||2||2017-01-04|2017-01-04
466|139180|0|420|12||84|10||2017-01-06|2017-01-06
467|139181|0|20|15||4|10||2017-01-06|2017-01-06
468|139181|20|280|10||60|10||2017-01-06|2017-01-06
469|139181|280|300|15||3|10||2017-01-06|2017-01-06
470|78336|0|10|10||18|10||2017-01-11|2017-01-11
471|90115|0|50|10||50|10||2017-01-11|2017-01-11
472|90115|0|50|1|Volclay|5|10||2017-01-11|2017-01-11
473|90116|0|30|10||5|10||2017-01-11|2017-01-11
474|90116|30|240|1|Benseal|16|10||2017-01-11|2017-01-11
475|90116|240|260|10||5|10||2017-01-11|2017-01-11
476|139057|0|50|10||17|10||2017-01-11|2017-01-11
477|139057|50|200|11||36|10||2017-01-11|2017-01-11
478|90114|0|30|10||5|10||2017-01-11|2017-01-11
479|90114|240|260|10||5|10||2017-01-11|2017-01-11
480|90113|0|30|10||5|10||2017-01-11|2017-01-11
481|90113|240|260|10||5|10||2017-01-11|2017-01-11
482|90109|0|10|10||5|10||2017-01-11|2017-01-11
483|90109|370|390|10||10|10||2017-01-11|2017-01-11
484|52866|0|647|10||220|10||2017-01-12|2017-01-12
485|52867|0|622|10||220|10||2017-01-12|2017-01-12
486|56410|0|725|10||208|10||2017-01-12|2017-01-12
487|56751|0|592|10|||2||2017-01-12|2017-01-12
488|57023|0|640|10||300|10||2017-01-12|2017-01-12
489|57034|0|691|10|||2||2017-01-12|2017-01-12
490|57035|0|650|10|||2||2017-01-12|2017-01-12
491|119754|0|1854|10||1854|2||2017-01-12|2017-01-12
492|84242|0|150|10||150|10||2017-01-12|2017-01-12
493|116698|0|335|10|||2||2017-01-12|2017-01-12
494|127934|0|390|10|||2||2017-01-12|2017-01-12
495|127936|0|313|10|||2||2017-01-12|2017-01-12
496|127938|0|382|10||230|10||2017-01-12|2017-01-12
498|135252|0|40|10||28|10||2017-01-19|2017-01-19
499|135284|0|10|10||10|10||2017-01-19|2017-01-19
500|135528|0|10|10||7|10||2017-01-19|2017-01-19
502|134648|0|20|10||24|10||2017-01-19|2017-01-19
503|134850|0|10|10||6|10||2017-01-19|2017-01-19
504|134882|0|10|10||8|10||2017-01-19|2017-01-19
505|135251|0|733|10||635|10||2017-01-19|2017-01-19
507|114696|0|215|10|||2||2017-01-19|2017-01-19
513|111217|0|920|10|||2||2017-01-19|2017-01-19
514|139187|0|8|10||8|10||2017-02-10|2017-02-10
515|139187|195|390|10||20|10||2017-02-10|2017-02-10
516|139189|0|10|10||6|10||2017-02-10|2017-02-10
517|139190|0|15|10||25|10||2017-02-10|2017-02-10
518|139191|1|25|10||20|10||2017-02-13|2017-02-13
519|118952|0|34|10|||2||2017-02-13|2017-02-13
520|118975|0|550|10|||2||2017-02-14|2017-02-14
522|118976|0|774|10|||2||2017-02-14|2017-02-14
525|118984|0|849|10|||2||2017-02-14|2017-02-14
526|119004|0|600|10|||2||2017-02-14|2017-02-14
527|119005|0|820|10|||2||2017-02-14|2017-02-14
528|56225|0|15|10|||2||2017-02-14|2017-02-14
529|56247|0|396|10|||2||2017-02-14|2017-02-14
530|56248|0|395|10|||2||2017-02-14|2017-02-14
531|56249|0|60|10||70|10||2017-02-14|2017-02-14
532|56253|0|100|10||30|10||2017-02-14|2017-02-14
533|131469|0|305.8|10||390|10||2017-02-14|2017-02-14
534|131470|0|158|10|||2||2017-02-14|2017-02-14
535|131471|0|206|10||295|11||2017-02-14|2017-02-14
536|120397|0|585|10|||2||2017-02-16|2017-02-16
537|121224|0|800|10|||2||2017-02-16|2017-02-16
538|121226|0|830|10|||2||2017-02-16|2017-02-16
539|125532|0|700|10||100|10||2017-02-16|2017-02-16
540|124892|6.8|422|10||243|10||2017-02-16|2017-02-16
541|127567|0|2075|10|||2||2017-02-17|2017-02-17
542|62156|1|50|10|||2||2017-02-17|2017-02-17
543|108976|0|30|10|||2||2017-02-21|2017-02-21
544|108977|0|30|10|||2||2017-02-21|2017-02-21
545|32654|0|2|10|||2||2017-02-21|2017-02-21
546|32654|2|140|11|||14||2017-02-21|2017-02-21
547|32654|2|140|14|||2||2017-02-21|2017-02-21
548|45590|0|40|10||35|10||2017-02-22|2017-02-22
549|45591|0|38|10||32|10||2017-02-22|2017-02-22
550|62411|0|90|10|||2||2017-02-22|2017-02-22
551|62594|0|234|10|||2||2017-02-22|2017-02-22
552|92178|0|275|10|||2||2017-02-22|2017-02-22
553|92905|0|157|10|||2||2017-02-22|2017-02-22
554|92906|0|608|10|||2||2017-02-22|2017-02-22
555|92953|0|629|10|||2||2017-02-22|2017-02-22
556|96085|0|485|10|||2||2017-02-22|2017-02-22
557|96747|0|348|10|||2||2017-02-22|2017-02-22
558|32631|2|168|14|||14||2017-02-22|2017-02-22
559|32631|0|2|10|||2||2017-02-22|2017-02-22
560|87883|0|385|10||220|10||2017-02-22|2017-02-22
561|87892|0|250|10||200|10||2017-02-22|2017-02-22
562|96445|0|751|10|||2||2017-02-22|2017-02-22
563|39697|0|4|10|||2||2017-02-22|2017-02-22
564|97705|0|194|10|||2||2017-02-22|2017-02-22
567|79376|0|25|10|||2||2017-03-02|2017-03-02
568|79397|0|10|10|||2||2017-03-02|2017-03-02
569|139213|140|917|10||263|10||2017-03-08|2017-03-08
571|139213|917|960|13|||2||2017-03-08|2017-03-08
572|139213|960|980|10||44|10||2017-03-08|2017-03-08
573|23832|0|10|10||4|10||2017-03-10|2017-03-10
574|23869|0|10|10||5|10||2017-03-10|2017-03-10
575|23869|50|60|10||5|10||2017-03-10|2017-03-10
576|23870|300|330|10||4|10||2017-03-10|2017-03-10
577|23870|0|10|10||3|10||2017-03-10|2017-03-10
578|23872|230|260|10||4|10||2017-03-10|2017-03-10
579|23872|0|10|10||3|10||2017-03-10|2017-03-10
580|23875|50|80|10||3|10||2017-03-10|2017-03-10
581|23875|0|10|10||3|10||2017-03-10|2017-03-10
582|24000|0|12|10||1|10||2017-03-10|2017-03-10
583|24000|220|330|1|Holeplug|3|10||2017-03-10|2017-03-10
584|24001|0|10|10||2|10||2017-03-10|2017-03-10
585|24001|240|250|1|Hole plug|3|10||2017-03-10|2017-03-10
586|24002|0|10|10||3|10||2017-03-10|2017-03-10
587|24037|0|10|10||5|10||2017-03-10|2017-03-10
588|24037|160|170|10||5|10||2017-03-10|2017-03-10
589|24044|0|30|10||11|10||2017-03-10|2017-03-10
590|24049|0|200|10||35|10||2017-03-10|2017-03-10
591|24061|0|15|10||10|10||2017-03-10|2017-03-10
594|99031|0|615|10||305|10||2017-03-15|2017-03-15
595|99110|0|1145|10|||2||2017-03-15|2017-03-15
598|99226|0|1290|10|||2||2017-03-15|2017-03-15
599|99473|0|226|10|||2||2017-03-15|2017-03-15
600|99816|0|560|10|||2||2017-03-15|2017-03-15
601|99923|0|740|10||360|10||2017-03-15|2017-03-15
602|100699|0|336|10|||2||2017-03-16|2017-03-16
603|100738|0|635|10||110|10||2017-03-16|2017-03-16
604|99986|0|126|10|||2||2017-03-16|2017-03-16
605|100739|0|1114|10||375|10||2017-03-16|2017-03-16
606|101368|0|390|10|||2||2017-03-16|2017-03-16
607|101418|0|273|10||150|10||2017-03-16|2017-03-16
608|101659|0|472|10|||2||2017-03-16|2017-03-16
609|102070|0|700|10||165|10||2017-03-16|2017-03-16
610|102513|0|1290|10|||2||2017-03-16|2017-03-16
611|103361|0|310|10|||2||2017-03-16|2017-03-16
612|104108|0|20|10||11|10||2017-03-16|2017-03-16
613|104453|0|10|10|||2||2017-03-16|2017-03-16
616|104897|0|500|10|||2||2017-03-17|2017-03-17
618|105363|0|400|10||350|10||2017-03-17|2017-03-17
619|139216|0|10|10||10|10||2017-03-17|2017-03-17
620|139219|0|15|2||12|10||2017-03-17|2017-03-17
621|108139|0|12|10||18|10||2017-03-20|2017-03-20
622|108139|0|945|10||795|10||2017-03-20|2017-03-20
623|108140|0|470|10||125|10||2017-03-21|2017-03-21
624|108234|0|308|10||150|10||2017-03-21|2017-03-21
626|109503|0|472|10|||2||2017-03-21|2017-03-21
627|108238|0|95|10||300|10||2017-03-21|2017-03-21
628|108238|0|1004|10||1550|10||2017-03-21|2017-03-21
629|58343|0|450|10||220|10||2017-03-22|2017-03-22
630|58617|0|329|10|||2||2017-03-22|2017-03-22
631|58814|0|790|10|||2||2017-03-22|2017-03-22
632|59287|0|220|10|||2||2017-03-22|2017-03-22
633|94936|0|874|10|||2||2017-03-22|2017-03-22
634|26347|0|50|10|||2||2017-03-22|2017-03-22
635|43104|0|90|10|||2||2017-03-22|2017-03-22
636|43105|0|84|14||2.5|12||2017-03-22|2017-03-22
637|43106|0|84|14||2.5|12||2017-03-22|2017-03-22
638|43107|0|70|14||1.75|12||2017-03-22|2017-03-22
639|43108|0|84|14||2.5|12||2017-03-22|2017-03-22
640|47872|272|276|1|hole plug|276|10||2017-03-22|2017-03-22
641|47872|0|272|10||69|10||2017-03-22|2017-03-22
642|47873|742|746|1|Hole plug|5|10||2017-03-22|2017-03-22
643|47873|0|742|10||462|10||2017-03-22|2017-03-22
644|47874|294|297|1|Hole plug|4|10||2017-03-22|2017-03-22
645|47874|0|294|10||135|10||2017-03-22|2017-03-22
646|47878|671|675|1|Hole Plug|6|10||2017-03-22|2017-03-22
647|47878|0|671|10||397|10||2017-03-22|2017-03-22
648|58298|1|10|10|||2||2017-03-22|2017-03-22
649|58552|0|415|10||340|10||2017-03-22|2017-03-22
650|134335|0|732|10|||2||2017-03-24|2017-03-24
651|59224|0|640|10|||2||2017-03-24|2017-03-24
652|59380|0|40|10|||2||2017-03-24|2017-03-24
653|137590|0|10|10||6|10||2017-03-24|2017-03-24
655|138423|80|90|10|||2||2017-03-24|2017-03-24
656|138436|0|180|10||750|10||2017-03-24|2017-03-24
657|138675|0|150|10|||2||2017-03-24|2017-03-24
658|58078|0|3500|10||1750|10||2017-03-24|2017-03-24
659|91091|0|2865|10|||2||2017-03-24|2017-03-24
660|21976|0|3180|10|||2||2017-03-24|2017-03-24
661|23015|0|1900|10||673|10||2017-03-27|2017-03-27
662|49720|0|2248|10|||2||2017-03-27|2017-03-27
664|49268|0|2230|10|||2||2017-03-27|2017-03-27
665|49101|0|2260|10||1100|10||2017-03-27|2017-03-27
666|123168|0|2100|10|||2||2017-03-27|2017-03-27
667|49085|0|1600|10||350|10||2017-03-27|2017-03-27
668|22846|0|1380|10|||2||2017-03-27|2017-03-27
669|119305|0|1097|10||1210|10||2017-03-28|2017-03-28
670|49180|0|1355|10||250|10||2017-03-28|2017-03-28
671|124316|0|424|10|||2||2017-03-28|2017-03-28
672|119729|0|1141|10|||2||2017-03-28|2017-03-28
673|59840|0|1230|10||510|10||2017-03-28|2017-03-28
674|22578|0|768|10|||2||2017-03-28|2017-03-28
675|119415|0|784|10|||2||2017-03-28|2017-03-28
677|139225|0|12|12||34|10||2017-03-28|2017-03-28
678|59834|0|1035|10|||2||2017-03-28|2017-03-28
679|24353|0|956|10||495|10||2017-03-28|2017-03-28
680|48752|0|982|10||300|10||2017-03-28|2017-03-28
681|119165|0|591|10|||2||2017-03-28|2017-03-28
682|60200|0|976|10|||2||2017-03-28|2017-03-28
683|59789|0|965|10|||2||2017-03-28|2017-03-28
685|48586|0|848|10||258|10||2017-03-28|2017-03-28
686|59679|0|824|10|||2||2017-03-28|2017-03-28
687|122134|0|677|10|||2||2017-03-28|2017-03-28
688|47894|0|750|10||176|10||2017-03-28|2017-03-28
689|119128|0|480|10||805|10||2017-03-28|2017-03-28
690|117749|0|323|10||125|10||2017-03-28|2017-03-28
691|118619|0|660|10||960|10||2017-03-28|2017-03-28
692|46642|0|700|10|||2||2017-03-28|2017-03-28
693|119499|0|643|10|||2||2017-03-28|2017-03-28
694|124552|0|292|10|||2||2017-03-28|2017-03-28
696|119077|0|235|10|||2||2017-03-28|2017-03-28
697|122402|0|70|10|||2||2017-03-28|2017-03-28
698|47455|0|510|10||210|10||2017-03-29|2017-03-29
699|46542|0|10|10|||2||2017-03-29|2017-03-29
700|46542|90|140|10|||2||2017-03-29|2017-03-29
701|46542|220|450|10|||2||2017-03-29|2017-03-29
702|48745|0|605|10||124|10||2017-03-29|2017-03-29
703|113328|0|325|10|||2||2017-03-29|2017-03-29
704|24702|0|200|10||67|10||2017-03-29|2017-03-29
705|48437|0|489|10|||2||2017-03-29|2017-03-29
706|118182|0|2|10||2|10||2017-03-29|2017-03-29
707|118182|2|480|11||35|10||2017-03-29|2017-03-29
708|59520|0|405|10||133|10||2017-03-29|2017-03-29
709|59520|405|410|11||1|10||2017-03-29|2017-03-29
710|91072|0|10|10|||2||2017-03-29|2017-03-29
711|61918|0|500|10|||2||2017-03-29|2017-03-29
712|92651|0|30|10||6|10||2017-03-29|2017-03-29
713|92651|170|200|10||6|10||2017-03-29|2017-03-29
714|61967|0|212|10|||2||2017-03-29|2017-03-29
715|45226|0|400|10|||2||2017-03-29|2017-03-29
716|118722|0|215|10||160|10||2017-03-29|2017-03-29
717|86910|0|50|10||12|10||2017-03-29|2017-03-29
718|86800|0|405|10||35|10||2017-03-29|2017-03-29
719|83072|0|10|10||11|10||2017-03-29|2017-03-29
720|62147|0|254|10||44|10||2017-03-29|2017-03-29
721|62147|254|264|11||2|10||2017-03-29|2017-03-29
722|61085|0|215|10||120|10||2017-03-30|2017-03-30
723|81237|0|50|10|||2||2017-03-30|2017-03-30
724|81237|50|277|11|||2||2017-03-30|2017-03-30
725|81237|277|302|10|||2||2017-03-30|2017-03-30
726|81237|302|310|11|||2||2017-03-30|2017-03-30
727|48326|0|315|10|||2||2017-03-30|2017-03-30
728|80022|0|293|10|||2||2017-03-30|2017-03-30
729|93162|0|222|2|||2||2017-03-30|2017-03-30
730|89663|0|288|10|||2||2017-03-30|2017-03-30
731|48693|0|309|10|||2||2017-03-30|2017-03-30
732|116457|0|3|10||0.5|10||2017-03-30|2017-03-30
733|116457|3|58|11||4|10||2017-03-30|2017-03-30
734|92471|0|200|10|||2||2017-03-30|2017-03-30
735|47538|0|218|10|||2||2017-03-30|2017-03-30
736|118718|0|137|10|||2||2017-03-30|2017-03-30
737|62416|0|20|10||2|10||2017-03-30|2017-03-30
738|79077|0|50|10||50|10||2017-03-30|2017-03-30
739|83245|0|10|10||4|10||2017-03-30|2017-03-30
740|89816|0|37|10||1|10||2017-03-30|2017-03-30
741|116605|0|100|10||20|10||2017-03-30|2017-03-30
742|89480|0|18|10|||2||2017-03-30|2017-03-30
743|46886|0|15|10||3|10||2017-03-30|2017-03-30
744|46886|90|110|10||2|10||2017-03-30|2017-03-30
745|61384|0|15|10||3|10||2017-03-30|2017-03-30
746|60860|0|2|10||1.5|10||2017-03-30|2017-03-30
747|60860|2|10|11||3|10||2017-03-30|2017-03-30
748|63922|0|65|10|||2||2017-03-30|2017-03-30
749|88904|0|20|10||4|10||2017-03-30|2017-03-30
750|86666|0|3|10||1|10||2017-03-30|2017-03-30
751|86666|3|50|11||11|10||2017-03-30|2017-03-30
752|61449|0|60|10||18|10||2017-04-03|2017-04-03
753|90501|0|20|10|||2||2017-04-03|2017-04-03
754|89053|0|50|14||9|10||2017-04-03|2017-04-03
755|83529|0|10|10|||2||2017-04-03|2017-04-03
756|88456|0|39|10|||2||2017-04-03|2017-04-03
757|71808|59|64|10|||2||2017-04-03|2017-04-03
758|45548|50|70|10|||2||2017-04-03|2017-04-03
759|116419|0|45|10|||2||2017-04-03|2017-04-03
760|24627|0|15|10|||2||2017-04-03|2017-04-03
761|24627|55|60|10|||2||2017-04-03|2017-04-03
762|44801|0|12|10||8|10||2017-04-03|2017-04-03
763|61062|0|53|10||9.5|10||2017-04-03|2017-04-03
764|66670|0|15|10|||2||2017-04-03|2017-04-03
765|121849|0|20|10||12|10||2017-04-03|2017-04-03
766|50449|0|2652|10|||2||2017-04-03|2017-04-03
767|119640|0|1425|10|||2||2017-04-03|2017-04-03
768|60368|0|1600|10|||2||2017-04-03|2017-04-03
769|122555|0|918|10|||2||2017-04-03|2017-04-03
771|24836|0|1276|10||825|10||2017-04-03|2017-04-03
772|48868|0|1450|10||375|10||2017-04-03|2017-04-03
773|96704|0|586|10|||2||2017-04-04|2017-04-04
774|139226|0|700|10||180|10||2017-04-04|2017-04-04
775|139227|0|20|15||3|10||2017-04-04|2017-04-04
776|139227|20|85|11||5|10||2017-04-04|2017-04-04
777|139227|85|105|15||2|10||2017-04-04|2017-04-04
778|139228|0|20|15||4|10||2017-04-04|2017-04-04
779|139228|20|185|11||17|10||2017-04-04|2017-04-04
780|139228|185|205|15||3|10||2017-04-04|2017-04-04
781|96974|0|450|10|||2||2017-04-04|2017-04-04
782|97255|165|265|10|||2||2017-04-04|2017-04-04
783|97260|0|360|10|||2||2017-04-04|2017-04-04
784|97271|400|454|10|||2||2017-04-04|2017-04-04
785|97341|0|66|10||35|10||2017-04-04|2017-04-04
786|97517|0|721|10|||2||2017-04-04|2017-04-04
787|97954|0|223|10|||2||2017-04-04|2017-04-04
788|98058|0|697|10|||2||2017-04-04|2017-04-04
789|99303|0|297|10|||2||2017-04-04|2017-04-04
790|102332|0|450|10|||2||2017-04-04|2017-04-04
791|103469|0|354|10|||2||2017-04-04|2017-04-04
792|104865|0|565|10||332|10||2017-04-04|2017-04-04
793|105450|0|543|10||330|10||2017-04-04|2017-04-04
794|105711|0|795|10|||2||2017-04-04|2017-04-04
795|105812|0|706|10||803|10||2017-04-04|2017-04-04
796|105824|0|1028|10|||2||2017-04-05|2017-04-05
797|105934|0|407|10|||2||2017-04-05|2017-04-05
798|106062|0|440|10|||2||2017-04-05|2017-04-05
799|106176|0|726|10|||2||2017-04-05|2017-04-05
800|106236|0|695|10||685|10||2017-04-05|2017-04-05
801|106910|0|370|10||160|10||2017-04-05|2017-04-05
802|107417|0|607|10|||2||2017-04-05|2017-04-05
803|108022|0|360|10|||2||2017-04-05|2017-04-05
804|108739|0|410|10||415|10||2017-04-05|2017-04-05
805|108978|0|352|10||125|10||2017-04-05|2017-04-05
806|109250|0|490|10|||2||2017-04-05|2017-04-05
807|109369|0|10|10|||2||2017-04-05|2017-04-05
808|109488|0|200|10|||2||2017-04-05|2017-04-05
809|110014|0|150|10|||2||2017-04-05|2017-04-05
810|110092|0|520|10|||2||2017-04-05|2017-04-05
811|110815|0|605|10||160|10||2017-04-05|2017-04-05
812|110901|0|362|10|||2||2017-04-05|2017-04-05
813|111618|0|390|10|||2||2017-04-05|2017-04-05
814|112111|0|15|10||24|10||2017-04-05|2017-04-05
815|112442|0|300|10|||2||2017-04-05|2017-04-05
816|112479|0|120|10||7|10||2017-04-05|2017-04-05
817|112501|0|15|10||5|10||2017-04-05|2017-04-05
818|113164|0|400|10|||2||2017-04-05|2017-04-05
819|129430|0|468|10||560|10||2017-04-05|2017-04-05
820|129723|0|390|10||535|10||2017-04-05|2017-04-05
821|130908|0|540|10||215|10||2017-04-05|2017-04-05
822|131717|0|10|10|||2||2017-04-05|2017-04-05
823|131794|0|200|10|||2||2017-04-05|2017-04-05
824|131986|0|525|10|||2||2017-04-05|2017-04-05
825|132240|0|313|10|||2||2017-04-05|2017-04-05
826|132337|0|10|10||6|10||2017-04-05|2017-04-05
827|132350|0|168|10|||2||2017-04-05|2017-04-05
828|133049|0|205|10|||2||2017-04-05|2017-04-05
829|133183|0|422|10|||2||2017-04-05|2017-04-05
831|133260|0|520|10||300|10||2017-04-05|2017-04-05
832|134120|0|548|10|||2||2017-04-05|2017-04-05
833|135841|0|455|10|||2||2017-04-05|2017-04-05
834|104025|0|1060|10|||2||2017-04-06|2017-04-06
836|104061|0|675|10||331|10||2017-04-06|2017-04-06
837|104062|0|400|10||75|10||2017-04-06|2017-04-06
838|137892|0|528|10||275|10||2017-04-10|2017-04-10
839|138259|0|750|10||607|10||2017-04-10|2017-04-10
840|88369|0|45|10|||2||2017-04-10|2017-04-10
841|88945|0|20|10||4|10||2017-04-10|2017-04-10
843|139230|0|20|15||10|10||2017-04-10|2017-04-10
844|139230|20|835|10||350|10||2017-04-10|2017-04-10
845|139230|835|855|15||5|10||2017-04-10|2017-04-10
846|139231|0|120|15||10|10||2017-04-10|2017-04-10
847|139231|120|850|10||215|10||2017-04-10|2017-04-10
848|139231|850|870|15||5|10||2017-04-10|2017-04-10
849|139232|0|170|10||137|10||2017-04-10|2017-04-10
850|91164|0|579|10|||2||2017-04-10|2017-04-10
851|91485|0|208|10|||2||2017-04-10|2017-04-10
852|91804|0|229|10||220|10||2017-04-10|2017-04-10
853|101551|0|333|10||333|2||2017-04-10|2017-04-10
854|91988|0|2795|10||800|10||2017-04-10|2017-04-10
855|92447|0|760|10|||2||2017-04-10|2017-04-10
856|92507|145|155|10|||2||2017-04-10|2017-04-10
857|92672|0|18|10|||2||2017-04-10|2017-04-10
858|99227|0|290|10||500|10||2017-04-10|2017-04-10
859|88913|0|65|10|||2||2017-04-10|2017-04-10
861|89661|0|310|10|||2||2017-04-10|2017-04-10
862|90080|0|180|2|||1||2017-04-10|2017-04-10
863|93165|0|310|10|||2||2017-04-11|2017-04-11
864|93205|0|30|10|||2||2017-04-11|2017-04-11
865|90351|0|20|10||5|10||2017-04-11|2017-04-11
866|90380|0|15|10|||2||2017-04-11|2017-04-11
867|90426|0|20|10||5|10||2017-04-11|2017-04-11
868|90572|0|15|10|||2||2017-04-11|2017-04-11
869|90636|0|10|10|||2||2017-04-11|2017-04-11
870|90639|0|15|10|||2||2017-04-11|2017-04-11
871|90647|0|10|10|||2||2017-04-11|2017-04-11
872|102665|0|10|10||10|10||2017-04-11|2017-04-11
873|90860|0|7|10||4|10||2017-04-11|2017-04-11
874|90860|7|160|11||8|10||2017-04-11|2017-04-11
875|91056|0|10|10|||2||2017-04-11|2017-04-11
876|139234|0|10|12||10|10||2017-04-11|2017-04-11
877|139222|0|560|10||330|10||2017-04-11|2017-04-11
878|60461|0|1600|10||450|10||2017-04-11|2017-04-11
879|90277|0|1590|10|||2||2017-04-11|2017-04-11
880|139236|0|10|10||10|10||2017-04-11|2017-04-11
881|21442|50|252|10|||2||2017-04-11|2017-04-11
882|51549|0|630|10|||2||2017-04-11|2017-04-11
883|52717|0|180|10|||2||2017-04-11|2017-04-11
884|52893|0|868|10|||2||2017-04-11|2017-04-11
885|104187|0|320|10||120|10||2017-04-11|2017-04-11
886|53433|0|325|10||185|10||2017-04-11|2017-04-11
887|104232|0|320|10||127|10||2017-04-11|2017-04-11
888|54930|0|223|10|||2||2017-04-11|2017-04-11
889|54984|0|83|10|||2||2017-04-11|2017-04-11
890|99450|0|682|10||230|10||2017-04-11|2017-04-11
892|139235|0|30|10||6|10||2017-04-12|2017-04-12
893|139235|30|60|11||13|10||2017-04-12|2017-04-12
894|55422|0|462|10||462|2||2017-04-13|2017-04-13
895|55465|0|405|10|||2||2017-04-13|2017-04-13
896|55478|0|318|10|||2||2017-04-13|2017-04-13
897|55579|0|175|10|||2||2017-04-13|2017-04-13
898|55591|0|875|10|||2||2017-04-13|2017-04-13
899|55629|0|1100|10|||2||2017-04-13|2017-04-13
900|56505|0|638|10||376|10||2017-04-13|2017-04-13
902|56736|0|570|10|||2||2017-04-13|2017-04-13
903|56924|0|299|10|||2||2017-04-13|2017-04-13
904|57173|0|475|10|||2||2017-04-13|2017-04-13
905|57744|0|1016|10|||2||2017-04-13|2017-04-13
906|121217|0|766|10|||2||2017-04-13|2017-04-13
907|123302|0|10|10||5|10||2017-04-13|2017-04-13
908|125275|0|65|10|||2||2017-04-13|2017-04-13
909|125382|0|20|10||8|10||2017-04-13|2017-04-13
910|125500|0|630|10||410|10||2017-04-13|2017-04-13
911|125606|0|635|10|||2||2017-04-13|2017-04-13
912|126199|0|270|10|||2||2017-04-13|2017-04-13
913|139243|0|20|10||6|10||2017-04-17|2017-04-17
915|126902|0|1798|10||650|10||2017-04-18|2017-04-18
916|139242|0|20|10||7|10||2017-04-18|2017-04-18
917|139242|20|230|11||24|10||2017-04-18|2017-04-18
918|126929|0|2067|10|||2||2017-04-18|2017-04-18
919|139242|230|250|10||6|10||2017-04-18|2017-04-18
920|127396|0|1645|10|||2||2017-04-18|2017-04-18
921|128146|0|215|10||145|10||2017-04-18|2017-04-18
922|136078|0|1991|10|||2||2017-04-18|2017-04-18
923|21384|0|567|10|||2||2017-04-19|2017-04-19
924|21650|0|500|10|||2||2017-04-19|2017-04-19
925|22271|0|190|10|||2||2017-04-19|2017-04-19
926|50230|70|86|10|||2||2017-04-19|2017-04-19
927|50231|0|125|10|||2||2017-04-19|2017-04-19
928|51781|0|705|10|||1||2017-04-19|2017-04-19
929|51930|0|180|10||70|10||2017-04-19|2017-04-19
930|51975|0|459|10|||2||2017-04-19|2017-04-19
931|3759|2|170|2||9|12||2017-04-20|2017-04-20
932|139250|0|350|10||408|10||2017-04-24|2017-04-24
934|21366|0|709|10||222|10||2017-05-03|2017-05-03
935|21367|0|471|10||215|10||2017-05-03|2017-05-03
936|21643|0|521|10||165|10||2017-05-03|2017-05-03
937|24496|0|750|10||245|10||2017-05-03|2017-05-03
938|47443|0|160|10||95|10||2017-05-03|2017-05-03
939|32151|0|45|10||12|10||2017-05-03|2017-05-03
940|32152|0|45|10||12|10||2017-05-03|2017-05-03
941|32153|0|45|10||12|10||2017-05-03|2017-05-03
942|6162|0|198|10||198|10||2017-05-03|2017-05-03
943|47445|0|390|10||170|10||2017-05-03|2017-05-03
944|48199|0|61|10|||2||2017-05-03|2017-05-03
945|49516|0|3380|10||1250|10||2017-05-03|2017-05-03
946|60251|0|60|10||150|10||2017-05-03|2017-05-03
947|60251|0|1920|10||1158|10||2017-05-03|2017-05-03
948|60491|0|5|10||2.5|10||2017-05-03|2017-05-03
949|60491|5|35|1|Benseal|3|10||2017-05-03|2017-05-03
950|72134|0|127|10||216|10||2017-05-03|2017-05-03
951|76978|0|119|10||16|12||2017-05-03|2017-05-03
952|76984|0|120|10||16|12||2017-05-03|2017-05-03
953|77023|0|118|10||16|12||2017-05-03|2017-05-03
954|77024|0|120|10||16|12||2017-05-03|2017-05-03
955|77025|0|118|10||16|12||2017-05-03|2017-05-03
956|77026|0|123|10||16|12||2017-05-03|2017-05-03
957|77051|0|120|10||18|12||2017-05-03|2017-05-03
958|77052|0|120|10||16|12||2017-05-03|2017-05-03
959|77053|0|118|10||16|12||2017-05-03|2017-05-03
960|77054|0|118|10||16|12||2017-05-03|2017-05-03
961|77055|0|118|10||16|12||2017-05-03|2017-05-03
962|77056|0|118|10||16|12||2017-05-03|2017-05-03
964|139260|0|10|10||5|10||2017-05-16|2017-05-16
965|139261|0|15|10||16|10||2017-05-16|2017-05-16
966|139263|0|15|10||5|10||2017-05-16|2017-05-16
967|139266|0|10|10||5|10||2017-05-17|2017-05-17
968|139267|0|20|10||5|10||2017-05-17|2017-05-17
969|139267|280|300|10||4|10||2017-05-17|2017-05-17
970|119313|0|814|10|||2||2017-05-23|2017-05-23
971|66165|3|30|10||10|10||2017-05-25|2017-05-25
972|10393|-1|0|10|||2||2017-05-25|2017-05-25
973|10393|0|10|11|||2||2017-05-25|2017-05-25
974|13009|0|610|10||600|10||2017-05-25|2017-05-25
975|115642|0|10|10||6|10||2017-05-25|2017-05-25
976|115642|95|105|10||6|10||2017-05-25|2017-05-25
977|139271|0|60|10||15|10||2017-05-26|2017-05-26
978|139272|0|39|10||13|10||2017-05-26|2017-05-26
979|102073|0|600|2||400|10||2017-06-14|2017-06-14
980|102073|801|810|2||40|10||2017-06-14|2017-06-14
981|139275|0|50|10||15|10||2017-06-15|2017-06-15
982|139276|0|10|12||16|10||2017-06-15|2017-06-15
983|121136|0|510|10||780|10||2017-06-16|2017-06-16
984|120375|0|278|10||200|10||2017-06-26|2017-06-26
985|120415|0|38|10||72|10||2017-06-26|2017-06-26
986|120415|0|402|10||1400|10||2017-06-26|2017-06-26
987|120394|0|38|10||72|10||2017-06-26|2017-06-26
988|120394|0|492|10||1620|10||2017-06-26|2017-06-26
989|120418|0|38|10||72|10||2017-06-26|2017-06-26
990|120418|0|450|10||1600|10||2017-06-26|2017-06-26
991|121137|0|38|10||72|10||2017-06-26|2017-06-26
992|121137|0|457|10||1600|10||2017-06-26|2017-06-26
993|120419|0|38|10||72|10||2017-06-26|2017-06-26
994|120419|0|427|10||1600|10||2017-06-26|2017-06-26
995|121160|0|38|10||72|10||2017-06-26|2017-06-26
996|121160|0|497|10||1600|10||2017-06-26|2017-06-26
997|121161|0|38|10||72|10||2017-06-26|2017-06-26
998|121161|0|490|10||1700|10||2017-06-26|2017-06-26
999|122119|0|10|2|||2||2017-06-28|2017-06-28
1000|122167|0|110|10|||2||2017-06-28|2017-06-28
1003|122821|0|1321|10|||2||2017-06-28|2017-06-28
1004|109808|0|10|10||5|10||2017-06-28|2017-06-28
1005|139326|0|775|10||477|10||2017-07-10|2017-07-10
1006|121537|0|10|1|Portland|3|10||2017-07-14|2017-07-14
1007|121537|10|100|11||10|10||2017-07-14|2017-07-14
1008|99072|0|723|10||700|10||2017-07-19|2017-07-19
1009|98991|0|33|10||80|10||2017-07-19|2017-07-19
1010|98991|0|695|10||620|10||2017-07-19|2017-07-19
1011|98589|0|830|10|||2||2017-07-19|2017-07-19
1012|98237|0|50|10||60|10||2017-07-19|2017-07-19
1013|98237|0|753|10||604|10||2017-07-19|2017-07-19
1014|22807|0|975|10|||2||2017-08-01|2017-08-01
1017|35851|0|105|10|||2||2017-08-01|2017-08-01
1018|40738|0|20|10|||2||2017-08-01|2017-08-01
1019|48311|0|420|10|||2||2017-08-02|2017-08-02
1020|48313|0|438|10||200|10||2017-08-02|2017-08-02
1022|50099|0|1362|10|||2||2017-08-02|2017-08-02
1023|54134|0|298|1|W/6% Gel|140|10||2017-08-02|2017-08-02
1024|54134|440|707|2||84|10||2017-08-02|2017-08-02
1025|54150|0|430|10|||2||2017-08-02|2017-08-02
1026|54299|0|500|1|Cement, grout||2||2017-08-03|2017-08-03
1027|54672|0|520|10|||2||2017-08-03|2017-08-03
1028|54943|0|712|10|||2||2017-08-03|2017-08-03
1029|54952|0|303|10|||2||2017-08-03|2017-08-03
1030|55690|0|756|10|||2||2017-08-08|2017-08-08
1031|55701|0|800|10||600|10||2017-08-08|2017-08-08
1032|56058|0|300|10||140|10||2017-08-08|2017-08-08
1033|57838|0|315|10|||2||2017-08-08|2017-08-08
1034|57947|0|362|10||100|10||2017-08-08|2017-08-08
1035|59761|0|1800|10||800|10||2017-08-08|2017-08-08
1036|60195|0|1000|10|||2||2017-08-09|2017-08-09
1037|62171|0|320|10|||2||2017-08-09|2017-08-09
1038|64329|0|2305|10|||2||2017-08-09|2017-08-09
1039|64331|0|2325|10|||2||2017-08-09|2017-08-09
1040|64335|0|1886|10|||2||2017-08-09|2017-08-09
1041|64337|0|2015|10|||2||2017-08-09|2017-08-09
1042|66427|0|18|10||12|10||2017-08-09|2017-08-09
1043|66427|18|22|10||6|10||2017-08-09|2017-08-09
1044|139344|0|460|10||435|10||2017-08-11|2017-08-11
1046|92458|0|462|2|||2||2017-08-16|2017-08-16
1047|92458|462|480|1|bensel clay|2|10||2017-08-16|2017-08-16
1050|139400|0|257|10||30|10||2017-08-21|2017-08-21
1054|105200|0|416|10|||2||2017-08-22|2017-08-22
1055|105713|0|540|10|||2||2017-08-22|2017-08-22
1056|98784|0|250|10|||2||2017-08-23|2017-08-23
1057|139486|0|50|10||3|10||2017-08-25|2017-08-25
1061|139490|0|50|10||3|10||2017-08-29|2017-08-29
1063|139577|0|20|2||11|10||2017-09-29|2017-09-29
1064|121796|0|25|15||4|10||2017-10-17|2017-10-17
1067|139578|0|1052|10||134|10||2017-10-26|2017-10-26
1068|139580|0|30|10||30|10||2017-11-08|2017-11-08
1070|116964|0|185|10|||2||2017-11-13|2017-11-13
1071|116963|0|190|10|||2||2017-11-13|2017-11-13
1072|139585|0|60|12||6|10||2017-11-16|2017-11-16
1073|139585|0|60|11||6|10||2017-11-16|2017-11-16
1074|139595|0|10|10||9|10||2017-11-29|2017-11-29
1075|139596|0|10|2||7|2||2017-11-29|2017-11-29
1076|139597|0|10|10||6|10||2017-11-29|2017-11-29
1078|139598|0|10|10||12|10||2017-11-29|2017-11-29
1079|139599|0|10|10||5|10||2017-11-29|2017-11-29
1080|139599|150|160|11||5|10||2017-11-29|2017-11-29
1081|139600|0|10|10||6|10||2017-11-29|2017-11-29
1082|139601|0|63|10||64|10||2017-11-30|2017-11-30
1083|139601|63|80|1|Hole plug|35|10||2017-11-30|2017-11-30
1084|139604|0|10|10||17|10||2017-12-01|2017-12-01
1085|139605|0|10|10||12|10||2017-12-01|2017-12-01
1086|139605|610|620|11||8|10||2017-12-01|2017-12-01
1087|139606|0|10|10||6|10||2017-12-01|2017-12-01
1088|139606|180|190|11||4|10||2017-12-01|2017-12-01
1089|139609|0|10|10||5|10||2017-12-05|2017-12-05
1090|139609|30|40|11||5|10||2017-12-05|2017-12-05
1091|139610|0|10|10||26|10||2017-12-05|2017-12-05
1092|139612|0|10|10||5|10||2017-12-05|2017-12-05
1093|139612|250|260|11||5|10||2017-12-05|2017-12-05
1094|139613|0|10|10||5|10||2017-12-05|2017-12-05
1095|139613|70|80|11||5|10||2017-12-05|2017-12-05
1096|139614|0|10|10||5|10||2017-12-05|2017-12-05
1097|139614|50|60|11||5|10||2017-12-05|2017-12-05
1098|139615|0|420|10|||2||2017-12-05|2017-12-05
1099|59012|0|620|10|||2||2017-12-06|2017-12-06
1100|59176|0|100|10|||2||2017-12-07|2017-12-07
1101|59181|0|125|10||100|10||2017-12-07|2017-12-07
1102|59185|230|260|10|||2||2017-12-07|2017-12-07
1103|139620|0|2|10||2|10||2017-12-07|2017-12-07
1104|139620|2|240|11||13|10||2017-12-07|2017-12-07
1105|59197|0|312|10||310|10||2017-12-07|2017-12-07
1106|139623|0|23|10||4|10||2017-12-14|2017-12-14
1107|139029|0|10|14||5|10||2017-12-15|2017-12-15
1108|139029|140|280|14||24|10||2017-12-15|2017-12-15
1109|59375|0|250|14||15|10||2017-12-15|2017-12-15
1111|59376|0|130|10||9|10||2017-12-15|2017-12-15
1112|59398|0|4|10||7|10||2017-12-19|2017-12-19
1113|93589|0|10|2||10|10||2017-12-19|2017-12-19
1114|93589|210|330|2||12|10||2017-12-19|2017-12-19
1115|93632|0|159|10||20|10||2017-12-19|2017-12-19
1116|94078|0|221|10|||2||2017-12-19|2017-12-19
1117|139629|0|16|10||6|10||2017-12-29|2017-12-29
1118|139630|0|15|10|||2||2017-12-29|2017-12-29
1119|139634|0|603|12||603|10||2018-01-24|2018-01-24
1120|139636|0|30|10||5|10||2018-01-26|2018-01-26
1121|139636|290|310|10||5|10||2018-01-26|2018-01-26
1122|139637|0|20|15||4|10||2018-01-29|2018-01-29
1123|139637|20|360|11||23|10||2018-01-29|2018-01-29
1124|139638|0|20|10||7|10||2018-01-29|2018-01-29
1125|139638|20|180|11||16|10||2018-01-29|2018-01-29
1126|139638|185|200|10||7|10||2018-01-29|2018-01-29
1127|139639|0|75|1|Type H Cement|30|10||2018-01-29|2018-01-29
1128|139639|75|80|1|Hole Plug|20|10||2018-01-29|2018-01-29
1129|139639|80|85|1|Type H Cement|15|10||2018-01-29|2018-01-29
1130|139642|0|408|10||85|10||2018-02-02|2018-02-02
1131|139642|408|413|11||5|10||2018-02-02|2018-02-02
1132|21574|0|188|10|||2||2018-02-07|2018-02-07
1133|21819|0|1460|10|||2||2018-02-08|2018-02-08
1137|139647|0|100|11||12|10||2018-02-27|2018-02-27
1138|139647|0|100|10||20|10||2018-02-27|2018-02-27
1141|36892|0|40|10|||2||2018-03-13|2018-03-13
1143|36891|0|40|14|||2||2018-03-13|2018-03-13
1144|20561|0|426|10||210|10||2018-03-13|2018-03-13
1145|21678|0|280|10|||2||2018-03-22|2018-03-22
1146|36483|0|10|10||4|10||2018-03-22|2018-03-22
1147|36483|30|35|10||2|10||2018-03-22|2018-03-22
1148|36637|0|16.8|10|||2||2018-03-26|2018-03-26
1149|36641|0|10|10|||2||2018-03-26|2018-03-26
1150|68347|0|30|10|||2||2018-03-26|2018-03-26
1151|95110|0|1060|10|||2||2018-04-03|2018-04-03
1152|139046|0|410|10||155|10||2018-04-03|2018-04-03
1153|64281|0|2300|10|||2||2018-04-03|2018-04-03
1154|66274|0|12|10|||2||2018-04-03|2018-04-03
1155|66267|0|10|15||5|10||2018-04-03|2018-04-03
1156|62634|0|114|14|||2||2018-04-04|2018-04-04
1157|87855|0|54|10|||2||2018-04-05|2018-04-05
1158|87857|0|120|10||540|10||2018-04-05|2018-04-05
1159|116505|2|270|10||54|10||2018-04-05|2018-04-05
1160|116617|0|127|14|||2||2018-04-05|2018-04-05
1161|87555|0|20|14|||2||2018-04-06|2018-04-06
1162|132261|0|450|10|||2||2018-04-06|2018-04-06
1163|99779|0|344|10||62|10||2018-04-06|2018-04-06
1164|46740|0|70|10||35|10||2018-04-06|2018-04-06
1165|97203|0|134|10|||2||2018-04-06|2018-04-06
1166|50996|0|433|10|||2||2018-04-06|2018-04-06
1167|136222|0|1030|10||260|10||2018-04-06|2018-04-06
1168|109768|0|10|10|||2||2018-04-06|2018-04-06
1169|88088|0|15|2|||2||2018-04-11|2018-04-11
1171|139666|0|10|2|||2||2018-04-11|2018-04-11
1172|22660|0|1302|2|||2||2018-04-11|2018-04-11
1173|23010|0|710|2|||2||2018-04-11|2018-04-11
1174|23011|0|2007|10||830|10||2018-04-11|2018-04-11
1175|23007|0|1481|2|||2||2018-04-11|2018-04-11
1176|23012|0|2000|10||925|10||2018-04-11|2018-04-11
1177|53401|0|670|10||402|10||2018-04-11|2018-04-11
1178|53418|0|462|10||100|10||2018-04-12|2018-04-12
1179|53398|0|480|10|||2||2018-04-12|2018-04-12
1180|51287|0|541|10|||2||2018-04-12|2018-04-12
1181|53590|0|285|10|||2||2018-04-12|2018-04-12
1182|53399|0|531|10|||2||2018-04-13|2018-04-13
1183|51288|0|562|10|||2||2018-04-13|2018-04-13
1184|51294|0|600|10|||2||2018-04-13|2018-04-13
1185|53400|0|650|10|||2||2018-04-13|2018-04-13
1186|53419|0|408|10|||2||2018-04-13|2018-04-13
1187|53416|0|514|10|||2||2018-04-13|2018-04-13
1188|51291|0|525|10|||2||2018-04-13|2018-04-13
1189|51251|0|524|10|||2||2018-04-13|2018-04-13
1190|51286|0|485|10|||2||2018-04-13|2018-04-13
1191|51296|0|464|10||107|10||2018-04-13|2018-04-13
1193|87879|0|20|10|||2||2018-04-17|2018-04-17
1194|87890|0|327|10|||2||2018-04-17|2018-04-17
1195|87889|0|322|10|||2||2018-04-17|2018-04-17
1196|97204|0|220|10||35|10||2018-04-17|2018-04-17
1197|110739|0|305|10||260|10||2018-04-17|2018-04-17
1198|110738|0|292|10|||2||2018-04-17|2018-04-17
1199|116516|0|42.5|10|||2||2018-04-17|2018-04-17
1200|53425|0|457|10||220|10||2018-04-17|2018-04-17
1201|78337|0|10|10||18|10||2018-04-17|2018-04-17
1202|98639|0|60|10||80|10||2018-04-17|2018-04-17
1203|98639|0|1019|10||722|10||2018-04-17|2018-04-17
1204|99242|0|450|10||330|10||2018-04-17|2018-04-17
1205|115086|0|15|10||8|10||2018-04-17|2018-04-17
1206|115338|0|10|10||6|10||2018-04-17|2018-04-17
1207|115338|325|335|10||6|10||2018-04-17|2018-04-17
1208|137350|0|460|10||15|10||2018-04-17|2018-04-17
1209|139038|0|2|10||5|10||2018-04-17|2018-04-17
1210|139038|2|610|11||71|10||2018-04-17|2018-04-17
1211|139040|0|20|10||2.5|10||2018-04-17|2018-04-17
1212|139040|20|210|11||16|10||2018-04-17|2018-04-17
1213|139040|210|230|10||2.5|10||2018-04-17|2018-04-17
1214|139041|0|40|10||21|10||2018-04-17|2018-04-17
1215|139041|40|190|11||39|10||2018-04-17|2018-04-17
1216|139042|0|20|10||5|10||2018-04-17|2018-04-17
1217|139042|20|440|11||35|10||2018-04-17|2018-04-17
1218|139042|440|660|1|Class H Cement|52|10||2018-04-17|2018-04-17
1219|139042|840|860|15||7|11||2018-04-17|2018-04-17
1220|139061|1|10|10||3|10||2018-04-17|2018-04-17
1221|139061|10|170|11||11|10||2018-04-17|2018-04-17
1222|139186|0|20|15||4|10||2018-04-17|2018-04-17
1223|139186|20|330|11||33|10||2018-04-17|2018-04-17
1224|139186|330|350|15||3|10||2018-04-17|2018-04-17
1225|139192|0|2012|12||2250|10||2018-04-17|2018-04-17
1226|139273|0|80|11||20|10||2018-04-17|2018-04-17
1227|139273|80|140|1|gravel|2|12||2018-04-17|2018-04-17
1228|139273|140|168|11||34|10||2018-04-17|2018-04-17
1229|139277|0|270|10||209|10||2018-04-17|2018-04-17
1230|139307|0|15|10|||||2018-04-17|2018-04-17
1231|139324|0|20|10||4|10||2018-04-17|2018-04-17
1232|139324|20|60|11||14|10||2018-04-17|2018-04-17
1233|139334|0|15|10||4|10||2018-04-17|2018-04-17
1234|139334|15|114|1|Benseal|12|10||2018-04-17|2018-04-17
1235|139334|114|153|10||15|10||2018-04-17|2018-04-17
1236|139334|153|157|1|Hole Plug|3|10||2018-04-17|2018-04-17
1237|139335|0|20|15||4|10||2018-04-17|2018-04-17
1238|139335|20|730|11||50|10||2018-04-17|2018-04-17
1239|139335|730|750|15||3|10||2018-04-17|2018-04-17
1240|139336|0|20|15||4|10||2018-04-17|2018-04-17
1241|139336|20|150|11||23|10||2018-04-17|2018-04-17
1242|139338|0|20|15||4|10||2018-04-17|2018-04-17
1243|139338|20|205|11||16|10||2018-04-17|2018-04-17
1244|139338|205|225|15||3|10||2018-04-17|2018-04-17
1245|139339|0|20|15||4|10||2018-04-17|2018-04-17
1246|139339|20|330|11||24|10||2018-04-17|2018-04-17
1247|139339|330|660|10||75|10||2018-04-17|2018-04-17
1248|139339|660|680|15||3|10||2018-04-17|2018-04-17
1249|139340|0|20|15||4|10||2018-04-17|2018-04-17
1250|139340|20|140|11||10|10||2018-04-17|2018-04-17
1251|139340|140|160|15||3|10||2018-04-17|2018-04-17
1252|139356|0|10|10||5|10||2018-04-17|2018-04-17
1253|139357|0|60|10||7|10||2018-04-17|2018-04-17
1254|139382|0|70|1|Cement around 10" surface|5|10||2018-04-17|2018-04-17
1255|139517|0|14|10||14|10||2018-04-17|2018-04-17
1256|139526|0|690|10||435|10||2018-04-17|2018-04-17
1257|139526|0|690|11||87|10||2018-04-17|2018-04-17
1258|139536|0|3|10||1|10||2018-04-17|2018-04-17
1259|139536|3|15|11||8|10||2018-04-17|2018-04-17
1260|139579|1|20|10||10|10||2018-04-17|2018-04-17
1261|139579|20|60|1| gravel |2|12||2018-04-17|2018-04-17
1262|139579|60|220|11||38|10||2018-04-17|2018-04-17
1263|139586|0|50|10||7|10||2018-04-17|2018-04-17
1264|139586|0|50|11||2|10||2018-04-17|2018-04-17
1265|139587|0|40|1|Portland |15|10||2018-04-17|2018-04-17
1266|139587|40|160|1|Benseal |18|10||2018-04-17|2018-04-17
1267|139611|0|100|1|TYPE H CEMENT |8|10||2018-04-17|2018-04-17
1268|139611|0|100|1|BENSEAL|2|10||2018-04-17|2018-04-17
1269|139611|470|570|1|TYPE H CEMENT|10|10||2018-04-17|2018-04-17
1270|139611|470|570|1|BENSEAL|1|10||2018-04-17|2018-04-17
1271|139640|0|46|10||135|10||2018-04-17|2018-04-17
1272|139640|0|155|10||116|10||2018-04-17|2018-04-17
1273|139654|160|200|1|Type "H" cement|12|10||2018-04-17|2018-04-17
1274|139654|120|160|1|Bentonite Gelclay|5|10||2018-04-17|2018-04-17
1275|139654|70|120|1|Bentonite Chip |35|10||2018-04-17|2018-04-17
1276|139654|-1|70|1|Type "H" cement|26|10||2018-04-17|2018-04-17
1277|139655|0|300|10||218|10||2018-04-17|2018-04-17
1278|139659|0|570|10||440|10||2018-04-17|2018-04-17
1279|116510|0|150|10||47|10||2018-04-18|2018-04-18
1280|116664|0|331|10|||2||2018-04-18|2018-04-18
1281|116975|0|100|10||30|10||2018-04-18|2018-04-18
1282|116662|0|250|10|||2||2018-04-18|2018-04-18
1283|116506|0|100|10|||2||2018-04-18|2018-04-18
1284|116507|0|100|10|||2||2018-04-18|2018-04-18
1285|116541|0|126|10|||2||2018-04-18|2018-04-18
1286|116540|0|100|10|||2||2018-04-18|2018-04-18
1287|116996|0|370|10||105|10||2018-04-18|2018-04-18
1288|116616|0|150|10|||2||2018-04-18|2018-04-18
1289|116988|0|163|15||81|11||2018-04-18|2018-04-18
1290|116548|0|290|10||47|10||2018-04-18|2018-04-18
1291|116549|0|285|10||105|10||2018-04-18|2018-04-18
1292|117042|0|199|10|||2||2018-04-18|2018-04-18
1293|117043|0|380|10||80|10||2018-04-18|2018-04-18
1294|116971|0|45|10|||2||2018-04-18|2018-04-18
1295|116663|0|225|10|||2||2018-04-18|2018-04-18
1296|116618|0|119|10|||2||2018-04-20|2018-04-20
1297|139668|0|1342|10||1175|10||2018-04-25|2018-04-25
1298|116511|0|163|10||75|10||2018-04-25|2018-04-25
1299|124762|0|18|10||2|10||2018-04-25|2018-04-25
1300|108343|0|114|2||220|10||2018-04-26|2018-04-26
1301|108343|0|802|2||650|10||2018-04-26|2018-04-26
1302|99737|0|40|2||60|10||2018-04-26|2018-04-26
1303|99737|0|913|2||930|10||2018-04-26|2018-04-26
1304|99564|0|680|10|||2||2018-04-26|2018-04-26
1305|53973|0|70|10|||2||2018-04-26|2018-04-26
1306|53979|0|60|10|||2||2018-04-26|2018-04-26
1307|138431|0|260|10|||2||2018-04-26|2018-04-26
1308|24359|0|800|2||350|10||2018-05-16|2018-05-16
1309|24201|0|720|10||161|11||2018-05-16|2018-05-16
1310|24202|0|674|10|||2||2018-05-16|2018-05-16
1311|24211|0|704|10||325|10||2018-05-16|2018-05-16
1312|24235|928|1014|10|||2||2018-05-16|2018-05-16
1313|24212|0|742|10||450|10||2018-05-16|2018-05-16
1314|24216|0|760|10||170|11||2018-05-16|2018-05-16
1316|24217|0|700|10||200|10||2018-05-16|2018-05-16
1317|24229|0|783|10|||2||2018-05-16|2018-05-16
1318|24232|0|812|10||385|10||2018-05-16|2018-05-16
1319|24328|0|770|10||185|11||2018-05-16|2018-05-16
1320|24329|0|760|10||300|10||2018-05-16|2018-05-16
1321|24330|0|600|2||425|10||2018-05-16|2018-05-16
1322|24332|0|674|10||255|10||2018-05-16|2018-05-16
1323|24333|0|645|10||480|10||2018-05-17|2018-05-17
1324|24336|0|690|10|||2||2018-05-17|2018-05-17
1325|24338|0|510|10||350|10||2018-05-17|2018-05-17
1326|24342|532|705|10|||2||2018-05-17|2018-05-17
1327|24357|0|983|10|||2||2018-05-17|2018-05-17
1328|24395|0|1250|10|||2||2018-05-17|2018-05-17
1329|24396|0|490|10||125|10||2018-05-17|2018-05-17
1330|24768|0|360|10||84|10||2018-05-17|2018-05-17
1331|24765|0|409|10|||2||2018-05-17|2018-05-17
1332|24766|0|440|10|||2||2018-05-17|2018-05-17
1333|24761|0|240|10||80|10||2018-05-17|2018-05-17
1334|24757|0|385|10|||2||2018-05-17|2018-05-17
1335|24759|0|315|10|||2||2018-05-17|2018-05-17
1336|108783|0|530|10||892|10||2018-05-17|2018-05-17
1337|58452|0|3148|10||1200|10||2018-05-17|2018-05-17
1338|49756|0|2635|10|||2||2018-05-17|2018-05-17
1339|49755|0|2595|10|||2||2018-05-17|2018-05-17
1342|48237|0|130|10|||2||2018-05-29|2018-05-29
1343|48224|0|95|10||125|10||2018-05-29|2018-05-29
1344|48235|0|215|10|||2||2018-05-30|2018-05-30
1345|48245|0|150|10|||2||2018-05-30|2018-05-30
1346|48234|0|180|10|||2||2018-05-30|2018-05-30
1347|48238|0|90|10|||2||2018-05-30|2018-05-30
1348|48233|0|160|10|||2||2018-05-30|2018-05-30
1349|48253|0|325|10||230|10||2018-05-31|2018-05-31
1350|48187|0|96|10||40|10||2018-05-31|2018-05-31
1351|48167|0|4|10|||2||2018-05-31|2018-05-31
1352|48230|0|33|10|||2||2018-05-31|2018-05-31
1353|48236|0|35|10|||2||2018-05-31|2018-05-31
1354|23104|0|2183|10|||2||2018-05-31|2018-05-31
1355|23110|0|33|10|||2||2018-05-31|2018-05-31
1356|139682|0|101|12||26|10||2018-05-31|2018-05-31
1357|48872|0|1680|10|||2||2018-05-31|2018-05-31
1358|48829|0|1398|10||450|10||2018-05-31|2018-05-31
1359|48851|0|1094|10||969|11||2018-05-31|2018-05-31
1360|48852|0|569|10||340|10||2018-05-31|2018-05-31
1361|48436|0|894|10|||2||2018-05-31|2018-05-31
1362|106292|0|580|10|||2||2018-06-08|2018-06-08
1363|106295|0|550|10|||2||2018-06-08|2018-06-08
1364|106237|0|685|10|||2||2018-06-08|2018-06-08
1365|106238|0|660|10|||2||2018-06-08|2018-06-08
1367|106240|0|820|10|||2||2018-06-08|2018-06-08
1368|106239|0|625|10|||2||2018-06-08|2018-06-08
1369|106302|0|685|10|||2||2018-06-08|2018-06-08
1370|107534|0|571|10|||2||2018-06-11|2018-06-11
1371|107495|0|636|10|||2||2018-06-11|2018-06-11
1372|107494|0|625|10|||2||2018-06-11|2018-06-11
1373|107351|0|653|10|||2||2018-06-11|2018-06-11
1375|107350|0|644|10|||2||2018-06-11|2018-06-11
1376|107443|0|710|10|||2||2018-06-11|2018-06-11
1377|107383|0|706|10|||2||2018-06-11|2018-06-11
1378|107388|0|322|10|||2||2018-06-11|2018-06-11
1379|107387|0|685|10|||2||2018-06-12|2018-06-12
1380|107384|0|642|10||517|10||2018-06-12|2018-06-12
1381|106255|0|585|10||750|10||2018-06-12|2018-06-12
1382|106269|0|364|10||520|10||2018-06-12|2018-06-12
1383|106270|0|769|10||996|10||2018-06-12|2018-06-12
1384|106261|0|615|10|||2||2018-06-12|2018-06-12
1385|107469|0|608|10||660|10||2018-06-13|2018-06-13
1386|106278|0|501|10||279|10||2018-06-13|2018-06-13
1387|107307|0|570|10||700|10||2018-06-13|2018-06-13
1388|106233|0|210|10||245|10||2018-06-13|2018-06-13
1389|107390|0|644|10|||2||2018-06-13|2018-06-13
1390|107389|0|344|10|||2||2018-06-13|2018-06-13
1391|107247|0|610|10|||2||2018-06-13|2018-06-13
1393|107249|0|650|10||405|10||2018-06-14|2018-06-14
1394|107337|0|740|10|||2||2018-06-14|2018-06-14
1395|107282|0|695|10|||2||2018-06-14|2018-06-14
1396|106361|0|900|10||425|10||2018-06-14|2018-06-14
1397|107281|0|510|10||273|10||2018-06-14|2018-06-14
1398|107285|0|680|10|||2||2018-06-14|2018-06-14
1399|106286|0|610|10||300|10||2018-06-14|2018-06-14
1400|106296|0|900|10||440|10||2018-06-14|2018-06-14
1401|106369|0|780|10||382|10||2018-06-14|2018-06-14
1402|119868|0|1422|10||300|10||2018-06-21|2018-06-21
1403|119859|0|1022|10|||2||2018-06-21|2018-06-21
1404|107262|0|685|10|||2||2018-06-25|2018-06-25
1405|105412|0|710|10||350|10||2018-06-25|2018-06-25
1406|107323|0|740|10||360|10||2018-06-25|2018-06-25
1407|108386|0|620|10||270|10||2018-06-25|2018-06-25
1408|108392|0|955|10|||2||2018-06-25|2018-06-25
1409|101602|0|443|10|||2||2018-06-25|2018-06-25
1410|139684|0|20|10||8|10||2018-06-26|2018-06-26
1411|139685|0|10|10||10|10||2018-06-26|2018-06-26
1412|56998|0|466|10||180|10||2018-06-26|2018-06-26
1413|97637|0|250|10||10|10||2018-06-26|2018-06-26
1414|97693|0|385|10|||2||2018-06-26|2018-06-26
1415|107884|0|1015|10||410|10||2018-06-26|2018-06-26
1416|23355|0|745|10|||2||2018-06-26|2018-06-26
1417|23356|0|1465|10|||2||2018-06-26|2018-06-26
1418|23208|0|316|10|||2||2018-06-26|2018-06-26
1419|23211|0|922|10|||2||2018-06-26|2018-06-26
1420|105556|0|594|10||555|10||2018-06-26|2018-06-26
1421|114985|0|1430|10||1200|10||2018-06-27|2018-06-27
1422|56997|0|980|10||410|10||2018-06-27|2018-06-27
1423|105349|0|40|2||40|10||2018-06-27|2018-06-27
1424|105349|0|555|2||530|10||2018-06-27|2018-06-27
1425|105339|0|460|10|||2||2018-06-27|2018-06-27
1426|103050|0|1180|10|||2||2018-06-27|2018-06-27
1427|103051|1530|1560|10||25|10||2018-06-27|2018-06-27
1428|103051|1600|1625|10||20|10||2018-06-27|2018-06-27
1430|24791|0|800|10||200|10||2018-06-27|2018-06-27
1431|102844|0|406|10||265|10||2018-06-27|2018-06-27
1432|102849|0|305|10|||2||2018-06-28|2018-06-28
1433|102848|0|378|10|||2||2018-06-28|2018-06-28
1434|102862|0|520|10||296|10||2018-06-28|2018-06-28
1435|102841|0|410|10|||2||2018-06-28|2018-06-28
1436|100242|0|88|2||280|10||2018-06-28|2018-06-28
1437|100242|0|528|2||528|10||2018-06-28|2018-06-28
1438|120382|0|365|10|||2||2018-06-28|2018-06-28
1439|105343|0|400|10|||2||2018-06-28|2018-06-28
1440|139683|0|200|10||1.8|12||2018-07-18|2018-07-18
1441|139687|0|15|10||5|10||2018-07-18|2018-07-18
1442|139690|0|375|1|Cement slurry|68|10||2018-07-18|2018-07-18
1443|139710|0|50|10||15|10||2018-08-06|2018-08-06
1447|139711|0|300|10||187|10||2018-08-08|2018-08-08
1449|139713|0|20|10||5|10||2018-08-08|2018-08-08
1450|139713|20|200|11||200|10||2018-08-08|2018-08-08
1451|139713|200|220|10||5|10||2018-08-08|2018-08-08
1452|139718|0|300|11||26|10||2018-08-08|2018-08-08
1453|139721|0|100|2||5|10||2018-08-08|2018-08-08
1455|94752|0|2395|10|||2||2018-08-08|2018-08-08
1456|139723|0|20|10||5|10||2018-08-08|2018-08-08
1457|139723|20|200|11||19|10||2018-08-08|2018-08-08
1458|139723|200|220|10||5|10||2018-08-08|2018-08-08
1459|139724|0|10|10||3|10||2018-08-08|2018-08-08
1460|139725|0|10|10||5|10||2018-08-09|2018-08-09
1461|139726|0|15|2||3|10||2018-08-09|2018-08-09
1462|139727|0|10|10||3|10||2018-08-09|2018-08-09
1464|139777|0|50|11||2|10||2018-09-11|2018-09-11
1465|139777|0|50|10||6|10||2018-09-11|2018-09-11
1466|89833|0|50|10||3|10||2018-10-17|2018-10-17
1470|139794|0|30|10||22|10||2018-10-18|2018-10-18
1471|139794|30|230|11||12|10||2018-10-18|2018-10-18
1472|139794|823|838|11||2|10||2018-10-18|2018-10-18
1473|139800|0|30|10||4|10||2018-10-18|2018-10-18
1475|139780|0|127|10||20|10||2018-11-05|2018-11-05
1476|139780|127|130|11||2|10||2018-11-05|2018-11-05
1477|139780|172|227|10||13|10||2018-11-05|2018-11-05
1478|139780|227|230|11||2|10||2018-11-05|2018-11-05
1479|139780|270|435|10||35|10||2018-11-05|2018-11-05
1480|139780|435|438|11||2|10||2018-11-05|2018-11-05
1481|139810|0|24|10||4|10||2018-11-06|2018-11-06
1482|139810|24|85|10||10|10||2018-11-06|2018-11-06
1485|139810|85|176|10||10|10||2018-11-06|2018-11-06
1486|139810|176|180|11||1|10||2018-11-06|2018-11-06
1487|139810|223|260|10||5|10||2018-11-06|2018-11-06
1488|139810|260|268|11||2|10||2018-11-06|2018-11-06
1489|139812|0|50|10||7|10||2018-11-07|2018-11-07
1490|139811|0|22|10|||2||2018-11-07|2018-11-07
1491|139819|0|260|10||65|10||2018-11-12|2018-11-12
1492|139823|0|145|10||60|10||2018-11-26|2018-11-26
1494|139825|0|95|10||12|10||2018-11-27|2018-11-27
1495|139829|5|15|10||8|10||2018-11-30|2018-11-30
1496|139815|1|20|12||10|10||2018-12-06|2018-12-06
1497|139816|0|101|2||21|10||2018-12-06|2018-12-06
1498|139818|0|20|10||4|10||2018-12-07|2018-12-07
1499|139821|0|20|12||5|10||2018-12-07|2018-12-07
1500|139821|20|110|11||23|10||2018-12-07|2018-12-07
1501|139821|445|460|11||5|10||2018-12-07|2018-12-07
1502|139822|0|20|10||3|10||2018-12-10|2018-12-10
1503|139827|0|100|10||9|10||2018-12-11|2018-12-11
1504|139830|0|35|10||8|10||2018-12-12|2018-12-12
1505|139830|35|40|11||2|10||2018-12-12|2018-12-12
1506|139828|-1|100|1|gelclay|4|10||2018-12-12|2018-12-12
1507|139828|-1|100|10||12|10||2018-12-12|2018-12-12
1508|115193|0|570|10||385|10||2019-01-07|2019-01-07
1509|115143|0|10|10||4|10||2019-01-07|2019-01-07
1510|139858|0|10|10||3|10||2019-01-07|2019-01-07
1511|139858|10|136|14||16|10||2019-01-07|2019-01-07
1512|139858|136|140|11||4|10||2019-01-07|2019-01-07
1513|139860|0|254|10||17|12||2019-01-08|2019-01-08
1514|139860|0|1230|1|neat cement seal|36.5|12||2019-01-08|2019-01-08
1515|139861|0|10|10||12|10||2019-01-08|2019-01-08
1516|139862|0|15|2||28|2||2019-01-08|2019-01-08
1517|139865|-1|10|10||40|10||2019-01-08|2019-01-08
1518|139866||380|10|||2||2019-01-09|2019-01-09
1519|139869|0|20|10||40|10||2019-01-09|2019-01-09
1520|139871|1|15|10||15|10||2019-01-09|2019-01-09
1521|139876|0|10|2||10|10||2019-01-10|2019-01-10
1522|139877|-1|0|10|||2||2019-01-10|2019-01-10
1523|139877|0|35|11|||2||2019-01-10|2019-01-10
1524|139878|0|10|2||10|10||2019-01-10|2019-01-10
1525|139879|0|10|10||13|10||2019-01-10|2019-01-10
1526|139880|3|23|10||20|10||2019-01-10|2019-01-10
1527|139882|0|15|10||6|10||2019-01-10|2019-01-10
1528|139885|0|940|10||96|10||2019-01-14|2019-01-14
1529|48877|-2|1458|10||1025|10||2019-01-14|2019-01-14
1530|48400|0|575|10|||2||2019-01-14|2019-01-14
1531|48753|0|397|10||250|10||2019-01-14|2019-01-14
1532|48422|0|495|10||280|10||2019-01-14|2019-01-14
1533|48089|0|1496|10|||2||2019-01-14|2019-01-14
1534|48091|0|770|10||390|10||2019-01-14|2019-01-14
1535|48101|0|1603|10|||2||2019-01-14|2019-01-14
1536|48103|0|800|10|||2||2019-01-14|2019-01-14
1537|48585|0|1508|10|||2||2019-01-14|2019-01-14
1538|48822|0|1215|10||175|10||2019-01-14|2019-01-14
1539|47924|0|600|10|||2||2019-01-14|2019-01-14
1540|48555|0|1420|10||650|10||2019-01-15|2019-01-15
1541|48556|0|720|10||250|10||2019-01-15|2019-01-15
1542|48417|0|1053|10|||2||2019-01-15|2019-01-15
1543|48399|0|1044|10|||2||2019-01-15|2019-01-15
1544|48445|0|545|10|||2||2019-01-15|2019-01-15
1545|139886|0|1044|10||775|10||2019-01-15|2019-01-15
1546|48869|0|713|10|||2||2019-01-15|2019-01-15
1547|47936|0|600|10|||2||2019-01-15|2019-01-15
1548|139892|0|630|10||70|10||2019-01-15|2019-01-15
1549|48875|0|770|10||77|10||2019-01-15|2019-01-15
1550|48876|0|145|10|||2||2019-01-15|2019-01-15
1551|48878|0|160|10|||2||2019-01-15|2019-01-15
1552|48874|0|754|10|||2||2019-01-16|2019-01-16
1553|59603|0|1282|10||275|10||2019-01-16|2019-01-16
1554|59598|0|1192|10||415|10||2019-01-16|2019-01-16
1555|59608|0|1130|10||525|10||2019-01-16|2019-01-16
1556|59612|0|1120|10|||2||2019-01-16|2019-01-16
1557|59719|0|925|10||140|10||2019-01-16|2019-01-16
1558|139896|0|1075|10|||2||2019-01-16|2019-01-16
1559|59594|0|1135|10|||2||2019-01-16|2019-01-16
1560|59596|0|1115|10|||2||2019-01-16|2019-01-16
1561|49191|0|1060|10|||2||2019-01-16|2019-01-16
1562|59566|0|1020|10|||2||2019-01-16|2019-01-16
1563|59569|0|1070|10||156|10||2019-01-16|2019-01-16
1564|139897|0|600|10||340|10||2019-01-23|2019-01-23
1565|139897|600|610|1|Hole Plug|15|10||2019-01-23|2019-01-23
1566|139898|0|12|10||10|10||2019-01-23|2019-01-23
1567|139898|12|155|1|Hole Plug|25|10||2019-01-23|2019-01-23
1568|139899|0|555|10||90|10||2019-01-24|2019-01-24
1569|139899|555|562|10|Hole Plug|5|10||2019-01-24|2019-01-24
1570|119067|0|638|10|||2||2019-02-11|2019-02-11
1571|119707|0|862|10||200|10||2019-02-11|2019-02-11
1572|119681|0|881|10||300|10||2019-02-11|2019-02-11
1573|119686|0|876|10|||2||2019-02-11|2019-02-11
1574|118824|0|612|10|||2||2019-02-11|2019-02-11
1575|118810|0|505|10|||2||2019-02-11|2019-02-11
1576|118809|0|507|10|||2||2019-02-11|2019-02-11
1577|118811|0|499|10|||2||2019-02-11|2019-02-11
1578|139903|0|20|10||4|10||2019-02-26|2019-02-26
1579|139904|1|20|10||5|10||2019-02-27|2019-02-27
1580|139905|0|10|10||4|10||2019-02-27|2019-02-27
1581|132311|0|960|10|||2||2019-02-27|2019-02-27
1582|139907|1|20|10||4|10||2019-02-27|2019-02-27
1583|139908|1|20|10||4|10||2019-02-27|2019-02-27
1584|139909|1|25|10||7|10||2019-02-27|2019-02-27
1585|139911|0|10|10||10|10||2019-02-27|2019-02-27
1586|139912|0|10|10||15|10||2019-02-27|2019-02-27
1587|139914|0|10|12||10|10||2019-02-27|2019-02-27
1588|139915|0|10|10||12|10||2019-02-27|2019-02-27
1589|139917|||10|||2||2019-02-27|2019-02-27
1590|124289|||10|||2||2019-02-27|2019-02-27
1591|139918|0|20|15||7|10||2019-02-27|2019-02-27
1592|139918|20|255|11||26|10||2019-02-27|2019-02-27
1593|139918|255|275|10||7|10||2019-02-27|2019-02-27
1594|139919|0|440|10|||2||2019-02-28|2019-02-28
1595|139921|-1|100|10|||2||2019-02-28|2019-02-28
1596|139922|0|510|10|||2||2019-02-28|2019-02-28
1597|139922|510|520|11|||2||2019-02-28|2019-02-28
1598|139924|0|300|10||175|11||2019-02-28|2019-02-28
1599|139925|-1|10|10|||2||2019-02-28|2019-02-28
1600|76666|0|35|10|||2||2019-03-04|2019-03-04
1601|89839|0|28|10||55|10||2019-03-05|2019-03-05
1602|89839|150|400|10||180|10||2019-03-05|2019-03-05
1603|88918|0|32|10||32|2||2019-03-05|2019-03-05
1604|139789|0|140|1|Neat cement||2||2019-03-05|2019-03-05
1605|89280|1|3|10||0.5|10||2019-03-05|2019-03-05
1606|89280|3|157|11||11|10||2019-03-05|2019-03-05
1607|139792|0|70|10||25|10||2019-03-05|2019-03-05
1608|88181|0|50|10||3|10||2019-03-05|2019-03-05
1609|86987|0|583|10|||2||2019-03-05|2019-03-05
1611|116250|340|360|14|||10||2019-03-05|2019-03-05
1612|116249|340|360|14|||2||2019-03-05|2019-03-05
1613|121393|0|2|14||1|10||2019-03-05|2019-03-05
1614|121393|2|440|14||38|10||2019-03-05|2019-03-05
1615|89717|0|2|14||1|10||2019-03-05|2019-03-05
1616|89717|2|490|14||47|10||2019-03-05|2019-03-05
1617|86783|0|2|10||1|10||2019-03-05|2019-03-05
1618|86783|2|490|14||37|10||2019-03-05|2019-03-05
1619|86916|0|610|10||6|10||2019-03-05|2019-03-05
1620|86916|0|610|14||16|10||2019-03-05|2019-03-05
1621|86843|0|2|1|Quickcrete|3|10||2019-03-05|2019-03-05
1622|86843|2|280|1|Benseal|22|10||2019-03-05|2019-03-05
1623|86843|280|320|10||8|10||2019-03-05|2019-03-05
1626|121446|520|570|14||6|10||2019-03-05|2019-03-05
1627|121447|0|5|10||9|10||2019-03-05|2019-03-05
1628|121447|5|370|10||38|10||2019-03-05|2019-03-05
1629|86519|0|255|10||45|10||2019-03-05|2019-03-05
1630|86519|2|640|14||50|10||2019-03-05|2019-03-05
1631|86519|0|2|10||5|10||2019-03-05|2019-03-05
1632|86902|0|930|14||87|10||2019-03-05|2019-03-05
1633|86902|0|705|10||75|10||2019-03-05|2019-03-05
1634|121358|0|960|14||80|10||2019-03-05|2019-03-05
1635|121358|0|394|10||45|10||2019-03-05|2019-03-05
1636|87106|440|520|14||6|10||2019-03-05|2019-03-05
1637|87105|0|285|14||23|10||2019-03-05|2019-03-05
1638|86731|0|125|1|Benseal||2||2019-03-05|2019-03-05
1639|86731|128|373|10||35|10||2019-03-05|2019-03-05
1640|86731|0|2|10|||2||2019-03-05|2019-03-05
1641|86731|2|542|1|Bentonite slurry||2||2019-03-05|2019-03-05
1642|86731|542|672|10|||2||2019-03-05|2019-03-05
1643|86772|0|614|10||150|10||2019-03-05|2019-03-05
1644|87124|0|40|10||15|10||2019-03-05|2019-03-05
1645|87124|40|300|10||70|10||2019-03-05|2019-03-05
1646|87123|300|543|10|||2||2019-03-05|2019-03-05
1647|86546|0|750|11||88|10||2019-03-05|2019-03-05
1648|86546|0|750|10||25|10||2019-03-05|2019-03-05
1649|89706|0|187|10|||2||2019-03-05|2019-03-05
1650|87098|0|385|10|||2||2019-03-05|2019-03-05
1651|87043|0|300|10|||2||2019-03-05|2019-03-05
1652|87135|0|595|10||168|10||2019-03-05|2019-03-05
1653|86982|0|300|10||50|10||2019-03-06|2019-03-06
1654|86982|300|540|10||35|10||2019-03-06|2019-03-06
1655|86982|540|640|10||35|10||2019-03-06|2019-03-06
1656|121492|0|237|10|||2||2019-03-06|2019-03-06
1657|86958|0|380|10||97|10||2019-03-06|2019-03-06
1658|121466|0|510|10||330|10||2019-03-06|2019-03-06
1659|89697|0|248|2||2.5|12||2019-03-06|2019-03-06
1660|86980|0|480|10||40|10||2019-03-06|2019-03-06
1661|121441|0|445|10|||2||2019-03-06|2019-03-06
1662|86979|0|477|10||50|10||2019-03-06|2019-03-06
1663|121464|0|258|10||80|10||2019-03-06|2019-03-06
1664|86719|0|10|10||3|10||2019-03-06|2019-03-06
1665|86719|10|20|1|Hole plug|2|2||2019-03-06|2019-03-06
1666|86904|0|25|2||7|10||2019-03-06|2019-03-06
1667|121371|0|5|1|Portland|2|10||2019-03-06|2019-03-06
1668|121371|5|20|1|Hole plug|8|2||2019-03-06|2019-03-06
1669|139926|0|745|10||355|10||2019-03-06|2019-03-06
1670|93377|0|460|10|||2||2019-03-07|2019-03-07
1671|93379|0|575|10|||2||2019-03-07|2019-03-07
1672|93380|0|930|10||550|10||2019-03-07|2019-03-07
1673|93382|0|370|10||250|10||2019-03-07|2019-03-07
1674|113665|0|10|10|||2||2019-03-07|2019-03-07
1675|113628|0|4|10|||2||2019-03-07|2019-03-07
1676|92935|0|724|10|||2||2019-03-07|2019-03-07
1677|93446|0|736|10|||2||2019-03-07|2019-03-07
1678|96826|0|75|10|||2||2019-03-07|2019-03-07
1679|96080|0|364|10||30|10||2019-03-07|2019-03-07
1680|91656|0|565|10|||2||2019-03-07|2019-03-07
1681|49176|0|1075|10|||2||2019-03-08|2019-03-08
1682|139927|0|20|10||7|10||2019-03-08|2019-03-08
1683|139927|20|295|11||28|10||2019-03-08|2019-03-08
1684|139927|295|315|15||4|10||2019-03-08|2019-03-08
1685|139928|0|20|10||7|10||2019-03-08|2019-03-08
1686|139928|20|280|11||26|10||2019-03-08|2019-03-08
1687|139928|280|300|10||7|10||2019-03-08|2019-03-08
1688|49066|0|1348|10||500|10||2019-03-12|2019-03-12
1689|139932|0|25|10||4|10||2019-03-12|2019-03-12
1690|139933|0|25|10||4|10||2019-03-12|2019-03-12
1691|139934|0|400|10||57|10||2019-03-12|2019-03-12
1692|139939|0|10|10||20|10||2019-03-13|2019-03-13
1693|139939|380|580|10||100|10||2019-03-13|2019-03-13
1694|139940|0|20|10||16|10||2019-03-13|2019-03-13
1695|139940|440|640|10||100|10||2019-03-13|2019-03-13
1696|139941|0|10|10||10|10||2019-03-13|2019-03-13
1697|139941|280|560|10||100|10||2019-03-13|2019-03-13
1698|139942|0|1440|10||475|10||2019-03-13|2019-03-13
1699|116292|0|240|10|||2||2019-03-26|2019-03-26
1700|92141|270|310|10|||2||2019-04-03|2019-04-03
1701|35174|0|12|10||6|10||2019-04-03|2019-04-03
1702|35175|0|12|10||6|10||2019-04-03|2019-04-03
1703|37143|1|10|10||14|10||2019-04-03|2019-04-03
1704|139183|0|10|10||5|10||2019-04-03|2019-04-03
1705|134631|0|10|10||8|10||2019-04-03|2019-04-03
1706|110917|0|15|10||4|10||2019-04-03|2019-04-03
1707|79354|0|15|10||18|10||2019-04-03|2019-04-03
1708|79368|0|20|10||5|10||2019-04-03|2019-04-03
1709|139681|0|50|10||7|10||2019-04-03|2019-04-03
1710|139681|0|50|1|Benseal|2|10||2019-04-03|2019-04-03
1711|139948|2|325|1|CLASS A |110|10||2019-04-12|2019-04-12
1712|21639|0|500|10|||2||2019-04-16|2019-04-16
1713|23507|0|323|10|||2||2019-04-16|2019-04-16
1714|31010|0|337|10||337|2||2019-04-16|2019-04-16
1715|31014|0|195|10|||2||2019-04-16|2019-04-16
1716|118597|0|403|10|||2||2019-04-17|2019-04-17
1717|118671|0|493|10|||2||2019-04-17|2019-04-17
1718|138872|0|229|10||350|10||2019-04-24|2019-04-24
1719|138846|0|232|10||350|10||2019-04-24|2019-04-24
1720|138849|0|226|10||350|10||2019-04-24|2019-04-24
1721|138829|0|230|10||350|10||2019-04-24|2019-04-24
1722|138871|0|228|10||350|10||2019-04-24|2019-04-24
1723|138870|0|225|10||350|10||2019-04-24|2019-04-24
1724|138828|0|225|10||350|10||2019-04-24|2019-04-24
1725|138827|0|266|10||350|10||2019-04-24|2019-04-24
1726|138885|0|238|10||350|10||2019-04-24|2019-04-24
1727|138884|0|229|10||350|10||2019-04-24|2019-04-24
1728|138826|0|226.5|10||350|10||2019-04-24|2019-04-24
1729|138847|0|240|10||350|10||2019-04-24|2019-04-24
1730|138887|0|232|10||350|10||2019-04-24|2019-04-24
1731|57710|0|20|10||20|10||2019-04-24|2019-04-24
1732|57710|0|620|10||620|10||2019-04-24|2019-04-24
1733|135072|0|280|10||264|10||2019-04-24|2019-04-24
1734|120395|0|54|10||12|12||2019-04-24|2019-04-24
1735|120395|0|1120|10||600|10||2019-04-24|2019-04-24
1736|120395|1120|1130|11||5|10||2019-04-24|2019-04-24
1737|55140|0|692|10||235|10||2019-04-24|2019-04-24
1738|120443|0|54|14||12|12||2019-04-24|2019-04-24
1739|120443|0|620|10||535|10||2019-04-24|2019-04-24
1740|120443|620|630|11||5|10||2019-04-24|2019-04-24
1741|89628|0|160|1|Portland|40|10||2019-04-24|2019-04-24
1742|89628|382|440|1|Portland|15|10||2019-04-24|2019-04-24
1743|116524|0|10|14||42|10||2019-04-24|2019-04-24
1744|51799|0|840|10||751|10||2019-04-24|2019-04-24
1745|138850|0|230|10||350|10||2019-04-24|2019-04-24
1746|138851|0|239|10||350|10||2019-04-24|2019-04-24
1747|138844|0|236|10||350|10||2019-04-24|2019-04-24
1748|138886|0|240|10||300|10||2019-04-24|2019-04-24
1749|138848|0|229|10||350|10||2019-04-24|2019-04-24
1750|139958|1|50|10||42|10||2019-05-02|2019-05-02
1751|139957|1|15|10||6|10||2019-05-02|2019-05-02
1752|139962|0|20|10||7|10||2019-05-16|2019-05-16
1753|139962|20|198|11||18|10||2019-05-16|2019-05-16
1754|139962|198|218|10||7|10||2019-05-16|2019-05-16
1755|139963|0|345|10||115|10||2019-05-16|2019-05-16
1756|139963|345|350|11||2|10||2019-05-16|2019-05-16
1757|139959|0|15|10|||2||2019-06-05|2019-06-05
1758|139982|0|1028|10||300|10||2019-06-07|2019-06-07
1759|140017|0|20|10||3|10||2019-07-18|2019-07-18
1763|140017|20|145|1|Gravel||2||2019-07-18|2019-07-18
1764|140017|145|195|11||15|10||2019-07-18|2019-07-18
1765|140017|195|228|1|Gravel Packed||2||2019-07-18|2019-07-18
1766|140044|-2|50|10||7|10||2019-08-14|2019-08-14
1767|140065|0|30|10||10|10||2019-09-18|2019-09-18
1768|140065|110|140|10||10|10||2019-09-18|2019-09-18
1769|140066|0|30|10||10|10||2019-09-18|2019-09-18
1770|140066|280|300|10||10|10||2019-09-18|2019-09-18
1771|140087|0|10|10||7|10||2019-10-08|2019-10-08
1773|140095|||2|||2||2019-11-05|2019-11-05
1774|140096|||2|||2||2019-11-05|2019-11-05
1775|140097|||2|||2||2019-11-05|2019-11-05
1776|140101|0|2056|10||1913|10||2019-11-06|2019-11-06
1777|140114|0|10|2|||2||2019-11-13|2019-11-13
1778|140172|0|2|12||2|10||2020-01-24|2020-01-24
1779|140172|2|47|11||2|10||2020-01-24|2020-01-24
1780|140187|0|35|1|4 benseal, 3 cement||1||2020-01-28|2020-01-28
1781|140173|0|30|2||8|10||2020-01-29|2020-01-29
1782|90242|0|4|10||5|10||2020-02-10|2020-02-10
1783|140205|1|20|10||5|10||2020-02-27|2020-02-27
1784|140207|0|15|2||2|10||2020-03-04|2020-03-04
1785|140209|-3|10|10||2|10||2020-03-05|2020-03-05
1786|140210|0|429|2||429|2||2020-03-18|2020-03-20
1787|139315|0|15|2|||2||2020-03-18|2020-03-18
1788|140300|0|20|10||15|10||2020-04-08|2020-04-08
1790|48838|0|686|10|||2||2020-05-08|2020-05-08
1791|24725|0|200|10|||2||2020-06-15|2020-06-15
1794|140360|0|60|10|Bentonite|8|10|4|2020-08-06|2020-08-06
1796|140362|0|50|10|Bentonite|3|10|3|2020-08-07|2020-08-07
1797|140363|0|25|10||3|10||2020-08-07|2020-08-07
1798|140371|-1|50|10||9|10||2020-08-10|2020-08-10
1799|140356|1|3|10||0.5|10||2020-08-10|2020-08-10
1800|140356|3|50|11||5|10||2020-08-10|2020-08-10
1804|140365|1|52|2||10|10||2020-08-10|2020-08-10
1805|140372|0|610|2||240|10||2020-08-10|2020-08-10
1806|140413|0|30|10||15|10||2020-08-17|2020-08-17
1807|140413|0|333|10||70|10||2020-08-17|2020-08-17
1808|140415|0|320|10||76|10||2020-08-17|2020-08-17
1809|140412|0|15|2||25|10||2020-08-17|2020-08-17
1810|140412|15|203|2||165|10||2020-08-17|2020-08-17
1811|140417|0|615|10||380|10||2020-09-04|2020-09-04
1816|140027|0|4|10||5|10||2020-09-09|2020-09-09
1817|140027|4|105|11||6|10||2020-09-09|2020-09-09
1818|140027|365|478|11||6|10||2020-09-09|2020-09-09
1819|140027|478|509|10||3|10||2020-09-09|2020-09-09
1820|140028|0|5|10||4|10||2020-09-09|2020-09-09
1821|140028|5|100|11||6|10||2020-09-09|2020-09-09
1822|140028|365|397|10||3|10||2020-09-09|2020-09-09
1824|140450|0|100|14|||10||2020-09-14|2020-09-14
1827|51929|0|182|10|||2||2020-10-09|2020-10-09
1833|140467|0|35|10||25|10||2020-10-26|2020-10-26
1834|140470|0|25|10||18|10||2020-10-26|2020-10-26
1835|140470|0|35|10||12|10||2020-10-26|2020-10-26
1836|140495|300|290|2||5|10||2020-11-06|2020-11-06
1837|140495|10|0|2||7|10||2020-11-06|2020-11-06
1838|140504|0|884|2||360|2||2020-11-18|2020-11-18
1839|140505|0|60|10||7|2||2020-11-20|2020-11-20
1841|23338|0|480|2|||2||2020-12-04|2020-12-04
1843|140465|0|40|13||7|2||2021-03-02|2021-03-02
